4000152
40001437
40001434
40001418
40001398
40001481
4000137
40001397
40001458
40001549
40001656
40001797
40001928
40002051
40002204
40002369
40002508
40002649
40002769
4000293
40003135
4000335
40003494
40003673
40003822
40004016
40004172
40004391
40004422
4000444
40004462
40004483
40004499
40004499
40004511
40004536
40004561
40004578
40004637
40004643
40004653
40004662
40004687
40004705
40004739
40004789
40004797
40004787
400048
40004798
40004805
40004817
40004868
40004968
4000511
40005285
40005441
40005566
40005598
40005608
40005608
40005608
4000561
40005607
40005602
40005599
40005596
40005596
40005595
40005588
40005585
40005582
4000558
4000558
40005582
40005582
40005583
40005581
40005579
40005576
40005572
40005571
40005571
40005572
40005573
40005573
4000557
40005563
40005555
40005565
40005565
40005567
40005568
40005685
40005827
40005969
40006117
40006292
40006465
40006532
4000646
40006482
400065
40006501
40006503
40006503
40006497
40006481
40006454
40006426
400064
40006375
40006345
40006303
40006234
40006162
40006104
40006094
40006104
40006103
40006105
4000611
40006118
40006118
40006126
40006247
40006272
40006372
40006378
40006338
40006384
4000642
40006466
40006489
40006567
40006675
40006857
40006993
40007098
40007289
40007594
4000765
40007594
40007559
4000755
4000755
40007546
400075
40007459
40007432
40007444
40007524
40007709
40007804
4000785
400079
40007888
40007814
40007808
40007822
40007834
40007837
40007718
40007717
40007835
40007856
40007858
40007858
40007855
400079
40007912
40007928
40007909
40007802
40007688
40007571
40007497
40007446
40007407
40007976
40007875
40007751
40007772
40006715
40006672
40006643
40006725
4000679
40006862
40006993
40006981
40006984
40006973
40006903
40006797
40006574
40006369
40006225
40006203
40006203
40006207
40006194
40006167
40006147
40006139
40006169
40006289
4000563
40006353
40006135
40006124
40006084
40006105
4000617
40006272
40006616
40006748
40006758
40006783
40006815
40006834
4000675
40006755
4000678
40006772
40006738
40006733
40006759
40006858
40006905
4000692
40006917
40006948
40006911
40006819
40006935
40007086
40007241
40007385
40007482
40007512
40007482
40007467
40007475
40007462
400076
40007727
40007759
4000776
4000776
40007752
40007737
40007721
40007717
40007747
40007752
40007752
40007753
40007743
40007747
40007742
40007742
40007744
40007815
40007881
40007926
4000797
40008014
40008017
40008031
40008043
40008015
40007969
40007889
40007889
4000789
400079
4000791
4000791
40007918
40007928
40007947
40007976
40008002
40007563
4000922
40008796
40008767
40008745
40008739
40007538
40007538
40007542
4000761
40007589
40007599
40007593
40007614
40007629
40007743
40007794
40007806
40007815
40007815
40007818
40007827
40007837
40007822
40007763
40007746
40007801
40007805
40007808
40007804
400078
40007795
40007793
40007795
40007795
40007793
40007763
40007725
40007739
40007772
40007773
40007775
40007775
40007775
40008023
40008256
40008335
40008285
40008243
40008233
40008208
40008149
40008115
40008136
40007759
40007644
40007479
40007548
40007561
40007593
40007629
40007768
40007866
40007849
40007776
4000779
40007756
40007686
40007632
40007613
40007506
40007314
40007098
40007022
40006865
40006784
40006734
40006714
40006733
40006726
40006695
40006712
40006727
40006764
40006909
40007091
40007276
40007466
40007659
40007882
40008095
40008296
40008484
40008668
40008859
4000903
40009114
40009149
40009156
4000916
40009171
40009224
40009347
40009509
40009656
40009665
40009667
4000967
40009681
4000968
40009796
40009842
40009802
4000981
40009819
4000985
40009893
40009904
40009906
40009906
40009907
40009908
40009912
40009935
40010003
40010052
40010064
40010064
40010081
40010081
40010088
40010118
40010144
40010143
40010122
40010095
40010092
40010092
40010092
40010093
40010094
40010104
40010101
40010101
40010102
40010102
40010102
40010102
40010103
40010077
40009971
4000991
40009872
40009627
40009597
40009565
40009563
40009555
4000958
400096
400096
400096
40009601
40009603
400096
400096
40009601
40009628
40009607
4000961
4000966
40009676
40009674
40009668
40009668
40009671
40009659
40009628
40009615
40009615
40009612
40009612
40009613
40009613
40009615
40009616
40009616
40009617
40009617
40009617
40009606
40009606
40009606
40009609
40009629
40009646
40009638
40009574
40009574
40009578
40009738
40009775
40009776
4000979
40009781
40009777
40009798
40009814
40009819
40009818
40009818
40009828
40009886
40009885
40009916
40009926
40009926
40009927
40009928
4000992
4000992
40009928
40009949
40009899
4000985
40009887
4000994
40009992
40010034
40010068
40010111
40010047
40009993
40009942
40009945
40009962
40009967
40009968
40009969
40009969
40009969
40009874
4000987
4000987
40009866
40009877
40009877
40009878
40009878
40009877
40009877
40009931
40009947
40009952
40009951
40009973
40010013
40010028
4001003
4001005
4001005
4001005
40010049
4001005
4001005
40010052
40010052
40010063
40010065
40010055
40010019
40010017
40010016
40010017
40010017
40010017
40010017
40010018
4001003
40010032
40010007
40009914
4000983
40009722
40009627
40009603
4000959
40009585
40009606
4000963
40009632
4000965
40009667
40009641
40009503
40009356
40009211
40009061
4000897
40009018
40009073
40009111
40009116
40009121
40009096
40008987
4000884
40008661
40008471
40008282
40008107
4000793
4000774
40007566
40007421
4000723
40007061
40006882
40006685
40006538
40006406
40006238
40006045
40005872
40005694
40005527
40005352
40005174
40005004
40004847
40004821
40004791
40004775
40004775
40004787
40004789
40004812
40004828
40004843
40004867
40004873
40004881
400049
40004911
40004918
40004921
40004909
40004867
40004724
40004556
400044
4000425
40004097
4000391
40003745
40003588
40003431
40003278
4000312
40002983
4000279
40002606
40002444
40002283
40002086
40001916
40001777
40001643
40001494
40001312
40001067
40000907
40000745
40000582
40000419
40000263
40000096
3999994
39999777
39999712
39999745
3999975
39999752
39999752
39999754
39999758
39999755
39999756
3999978
39999785
39999793
39999784
39999783
39999783
39999817
39999819
39999814
39999816
39999817
39999822
3999984
39999851
39999845
39999846
3999986
3999987
39999905
39999952
39999954
39999954
39999954
39999956
39999948
39999948
39999948
3999995
39999952
39999946
39999946
39999946
39999944
39999942
39999939
39999939
39999938
39999938
3999994
39999941
39999943
39999945
39999943
39999944
39999948
39999948
39999953
39999955
39999959
39999959
39999966
39999998
40000095
40000188
40000259
39999854
39999983
39999908
3999983
39999723
3999959
39999457
39999331
39999192
39999043
39998915
39998722
39998513
39998336
3999817
39997985
39997817
39997595
3999743
39997321
39997185
39996966
39996758
39996561
39996386
39996244
3999603
39995837
39995656
39995457
39995217
39995031
39994827
39994621
39994412
39994239
39994108
3999393
39993776
39993557
39993335
39993139
39992891
39992706
39992492
39992273
39992066
39991885
39991786
39991694
39991561
39991357
39991074
39990853
3999061
39990359
39990137
39989948
39989706
39989471
39989266
39989068
3998884
39988603
39988327
39988022
3998772
39987444
39987161
39986905
39986634
3998638
39986136
39985802
39985558
39985341
39985148
39985079
39985061
39985021
39984991
39984979
39984946
39984933
39984964
39984978
39984979
3998498
3998498
3998498
39984979
39984979
39984978
39984971
39984966
39984905
39984863
3998482
3998481
39984748
39984673
3998463
39984608
39984595
39984626
39984626
39984624
39984625
39984637
39984637
39984634
39984614
39984496
39984373
39984356
39984375
39984362
39984324
39984307
39984307
39984307
39984308
39984308
39984309
3998431
39984311
39984312
39984313
39984314
39984314
39984314
39984315
39984315
39984316
39984322
39984342
3998437
39984412
39984466
39984439
39984448
39984455
39984418
3998438
39984356
39984354
39984357
39984357
39984358
39984358
39984357
39984357
39984357
39984359
3998436
3998436
3998436
3998436
39984359
39984359
39984359
3998436
39984358
39984381
39984373
39984401
39984415
39984425
39984441
39984473
39984496
39984513
39984531
39984547
39984565
39984578
39984589
399846
39984612
39984621
39984619
39984619
39984611
39984593
39984571
3998455
3998454
3998452
399845
39984482
39984467
39984466
39984485
39984482
39984508
39984544
39984531
39984559
39984615
39984709
3998478
39984759
3998475
39984833
39984835
39984835
39984871
39984893
39984876
39984876
39984876
39984876
39984876
39984876
39984876
39984876
39984876
39984876
39984878
39984885
39984908
39984963
3998505
39985082
39985084
39985121
39985158
39985234
39985222
3998526
39985247
39985264
39985326
39985377
39985406
39985404
39985396
39985382
39985385
39985434
39985432
39985453
39985468
39985501
39985516
39985532
39985541
39985565
39985572
39985623
39985656
39985681
3998574
39985811
39985872
39985839
39985832
39985835
39985858
39985888
39985925
39985945
39985919
39985887
39985804
39985827
39985864
39985904
39985955
39985982
39986021
39986038
3998606
3998613
39986128
39986147
39986126
39986112
39986129
39986165
39986215
39986246
39986257
39986299
39986309
39986296
39986322
3998634
39986358
39986391
39986423
39986423
39986443
39986457
39986469
39986484
39986519
39986544
39986565
39986565
39986592
39986626
39986668
39986686
39986713
39986727
39986757
3998681
39986835
3998687
39986885
39986909
39986946
39986966
39986995
39987002
39987017
39987052
39987108
39987146
39987178
39987145
39987107
39987088
39987095
39987139
3998716
39987165
39987082
39986979
3998664
39986415
39986368
39986365
39986365
39986365
39986364
39986357
39986122
39985759
39985397
39984982
39984625
39984234
39983749
39983249
39983063
39983048
39983049
39983015
39982817
39982668
39982572
39982473
39982396
39982295
39982264
39982254
39982253
39982252
39982257
39982256
39982256
39982254
39982244
39982244
39982243
39982211
39982152
39982147
39982146
39982142
39982143
39982143
39982136
39982097
39982055
39982055
39982053
3998204
39981935
39981853
39981852
39981917
39981949
39981987
39982038
39982117
39982162
3998215
39982137
39982109
39982124
39982122
39982121
3998212
39982113
39982114
39982113
39982113
39982117
39982112
39982111
39982099
39982145
3998226
39982471
3998276
39983064
39983346
39983567
39983726
39983997
39984087
39984109
39984109
39984117
3998413
39984138
39984138
39984143
39984154
39984158
39984158
39984161
39984163
39984163
39984163
39984218
39984476
3998484
39985314
39985885
39986391
39986808
39987106
39987208
39987247
3998729
39987304
3998733
39987344
39987381
39987394
39987416
3998743
39987455
39987494
39987499
39987508
39987512
3998759
39987658
39987689
39987698
39987708
39987692
39987637
39987435
39987164
39986769
39986334
39985913
39985549
39985203
39984878
39984583
39984239
39983887
39983429
39982979
39982544
39982072
39981578
39981127
39980676
39980219
39979835
39979562
39979389
39979222
39979126
39979009
39978817
39978595
39978358
39978101
39977862
39977613
39977362
39977109
39976833
39976554
39976288
39976074
39975888
39975728
39975597
3997546
39975319
39975156
39975021
39974928
39974796
39974611
39974448
39974314
39974162
39974076
39973831
3997357
39973248
39972856
39972513
39972206
39971935
39971694
39971475
3997127
39971082
39970875
39970688
39970653
39970611
39970485
39970315
39970086
39969839
39969634
39969429
39969231
39968962
39968584
39968376
39968527
39968762
39969027
39969314
39969661
39970065
39970529
39971081
39971669
39972266
39972904
39973567
39974266
39974951
39975647
39976349
39977091
3997776
39978422
39979107
39979783
39980508
3998124
39981933
39982653
39983368
39984109
3998488
39985666
39986462
39987255
39988006
39988759
39989515
39990279
39991006
39991724
39992437
39993137
39993798
39994486
39995241
39995962
39996684
39997412
39998134
39998881
399996
40000285
40000979
40001603
40002198
4000271
40003257
40003847
40004468
40005138
40005808
40006467
40007145
40007852
40008569
40009266
40009946
40010614
40011306
40012004
40012733
40013425
40014031
4001457
40015056
40015551
40016012
40016449
40016864
40017236
40017647
40018057
40018468
40018876
40019293
40019707
40020097
40020476
40020849
40021229
40021623
40022024
40022434
40022833
40023202
40023586
40023976
40024412
40024845
4002531
40025773
40026209
40026583
40026951
40027311
4002762
4002793
40028254
40028558
40028868
40029221
40029627
40030106
40030598
40031034
40031448
40031855
40032273
40032671
40032994
40033203
40033282
40033259
40033193
40033132
40033057
40033019
40033012
40033043
40033184
40033344
40033529
40033741
40033953
40034162
40034369
40034542
40034641
40034652
40034536
40034353
40034063
40033627
40033129
40032673
40032172
40031641
4003112
40030615
40030091
40029575
4002903
40028438
40027696
40026921
40026198
40025586
40025381
40025691
40026368
40027117
40028001
40028865
40029659
40030436
40031133
40031839
40032539
40033287
40034084
40034868
40035632
40036343
4003695
40037365
40037687
40037875
40038171
40038621
40039169
40039763
40040433
40041151
40041891
40042664
40043496
40044362
4004518
40046019
400469
40047832
4004868
40049435
40050039
40050682
40051307
40051953
40052518
40052947
40053257
40053496
40053588
40053621
40053651
40053689
4005378
40053804
4005385
40053889
40053967
4005398
40053938
40053915
40053957
40053922
40053787
40053461
4005326
400532
40053001
40052734
40052857
40052544
40052124
40051538
40050888
4005024
40049685
40049248
40048876
40048506
40048027
40047527
40047058
40046619
40046227
40045954
40045764
40045698
40045661
40045629
40045574
40045508
40045428
40045354
40045274
40045192
40045115
40045186
40045242
40045309
4004529
40045309
40045313
40045321
40045356
40045444
40045578
40045813
40046128
40046518
40046978
40047447
40047956
40048458
40048955
40049431
400499
40050274
40050567
40050878
40051314
40051645
40051708
40051707
40051976
40052461
40052956
40053418
40053772
40054004
4005425
40054711
40055339
40055973
40056712
400576
40058537
40059485
40060375
40061247
40062229
40063229
40064263
40065265
40066235
4006723
40068199
40069188
40070172
400711
40072027
40072933
4007381
40074659
40075379
40076019
40076404
40076657
40076758
40076809
40076848
40076888
40076952
40077072
40077308
40077612
40077974
40078273
40078387
40078393
40078393
40078393
40078398
40078403
40078413
40078448
40078637
40078686
40078808
4007887
40078931
40079001
40079051
40079077
40079202
40079251
40079322
40079401
4007942
40079419
40079419
40079415
40079442
40079506
40079444
40079366
40079341
40079336
4007933
40080076
40079972
4007984
40079737
40079687
40079621
40079554
40079498
40079504
40079519
40079552
40079568
40079275
40079161
40078766
40078316
40077867
40077493
40077135
40076741
40076192
4007563
40074988
40074324
40073596
40072772
4007192
40071125
40070294
40069384
40068469
40067545
40066579
40065608
40064611
40063592
40062552
40061549
40060563
40059537
40058515
40057497
40056506
40055539
40054606
40053597
40052649
40051754
40051008
40050572
40050302
40050048
4004982
40049579
40049388
4004932
40049262
40049152
40049027
40048878
40048738
40048605
40048501
40048385
40048317
40048216
40048142
40048031
40047929
4004783
4004773
40047596
40047395
40047138
40046762
40046251
4004574
40045179
40044545
40043908
40043216
40042493
40041669
40040801
40039987
40039149
40038336
40037569
40036785
4003611
40035495
40034937
40034378
40033883
40033397
40032847
40032327
40031768
40031213
40030647
40030132
40029685
40029233
40028829
40028446
40028077
40027713
40027323
40026898
4002653
40026133
4002568
40025219
40024749
40024299
40023834
40023382
40022958
40022538
40022134
40021682
40021229
40020786
40020349
40019888
40019419
40018969
40018526
40018101
40017652
40017195
40016728
40016263
40015735
40015179
40014579
40013928
40013258
40012541
40011806
40011121
40010432
4000971
40008999
40008224
40007413
40006612
40005821
40005076
40004317
40003594
40002936
40002502
40002097
40001704
40001216
4000068
40000097
39999461
39998808
39998105
39997377
39996664
39995907
3999511
39994335
39993532
3999271
39991877
39991075
39990273
39989523
39988781
39988003
39987235
3998645
39985634
39984807
39983965
39983199
39982451
39981728
39980983
39980233
39979462
39978686
3997792
39977177
39976483
39975788
39975141
39974728
39974493
39974288
39974122
3997384
39973568
39973317
39972989
39972639
39972315
39972033
39971848
39971741
39971779
39971978
39972306
39972733
39973128
39973384
39973565
39973721
39973832
39973923
39974033
39974138
39974268
39974529
39974789
39975032
39975272
39975565
39975942
39976328
39976749
39977245
39977746
39978228
39978733
39979208
3997967
3998012
39980587
39981038
39981497
39982022
39982427
39982755
39983086
39983436
39983809
39984231
39984637
39984967
3998532
39985678
3998602
39986408
3998679
39987121
39987455
39987739
399879
39988008
39988011
3998801
3998797
39987926
39987871
39987865
39987839
39987862
39987799
39987768
3998772
39987679
39987636
39987625
39987638
39987633
39987582
39987555
39987553
39987542
39987577
39987567
39987556
39987515
39987492
39987472
39987472
39987472
39987478
39987484
3998749
39987495
39987497
39987502
39987506
3998751
39987513
39987513
39987516
39987544
39987634
39987647
39987647
39987647
39987641
39987599
3998756
39987535
39987458
39987456
39987458
3998743
39987424
39987386
3998735
39987383
39987426
39987341
3998734
39987331
39987352
39987356
39987322
39987304
39987308
39987299
39987304
39987295
39987311
39987312
39987324
39987334
3998733
39987331
39987331
39987327
39987354
39987389
39987353
39987352
39987209
39987179
3998715
39987142
39987139
39987117
39987092
39987055
39987038
39987005
3998697
39986944
39986932
39986913
39986894
39986878
39986847
39986832
39986836
39986809
39986817
39986781
39986753
39986703
39986635
399866
39986621
39986657
39986675
39986634
39986629
39986616
3998662
39986621
39986623
39986615
39986613
39986604
39986574
39986611
39986581
39986592
39986545
3998648
39986425
39986382
39986368
39986345
39986321
39986291
39986267
39986265
39986228
39986179
39986153
39986098
39986062
39986091
39986067
39986001
39985971
39985946
39985909
39985871
39985852
39985826
39985827
39985805
39985775
3998573
39985703
39985672
39985656
3998564
39985596
39985602
39985586
3998557
39985524
39985546
39985543
39985523
39985526
39985508
39985479
3998546
3998547
39985482
39985489
39985491
39985492
39985492
39985492
39985493
39985494
39985495
39985495
39985495
39985496
39985496
39985496
39985496
39985507
3998551
399855
39985442
39985429
39985395
39985346
39985299
39985251
39985149
3998512
39985093
3998509
39985073
39985071
39985068
39985083
39985083
39985083
39985082
39985082
39985081
39985083
39985112
39985126
39985143
39985153
39985169
39985179
3998519
39985197
39985203
39985208
39985306
39985426
39985357
3998527
39985164
39985049
39984986
39984917
39984894
39984835
39984872
39984868
39984872
39984908
39984896
39984885
39984876
39984874
39984837
399848
3998483
39984882
39985057
39985218
39985373
39985499
39985634
39985756
39985823
39985961
39986084
39986227
3998636
3998647
39986546
39986672
3998675
39986884
39987019
39987171
39987321
39987474
39987633
39987756
39987898
39988039
39988148
39988234
39988349
39988457
39988588
39988729
39988846
39988961
39989105
39989264
39989401
3998953
39989654
39989777
39989862
39989936
39990011
39990155
39990329
39990481
39990645
39990806
39990913
39990998
39991036
39991091
39991113
39991104
39991096
39990958
39990987
39990948
39990991
39990966
39990987
39990982
3999096
39990966
39990992
39991038
39991073
39991007
39990994
39991021
39991021
39991031
39991053
3999106
3999106
39991094
39991157
39991222
39991256
3999126
39991361
39991372
39991383
39991394
39991407
39991424
39991408
39991408
39991415
39991412
39991412
39991406
39991392
39991392
39991395
39991385
39991361
39991326
39991346
39991379
3999143
39991485
39991514
39991536
39991546
39991566
39991549
39991581
39991629
39991642
39991693
39991684
3999166
39991642
39991665
39991697
3999171
39991723
39991753
39991778
39991846
39992088
39992357
39992514
39992629
39992775
39992936
39992994
39993059
39993117
39993225
3999334
39993457
39993591
3999375
39993903
39994052
39994194
39994324
3999444
39994574
3999468
39994758
39994791
39994814
39994839
39994856
39994858
39994904
39995006
39995123
39995253
39995362
39995456
39995558
39995769
39995899
39996003
39996146
3999622
39996329
3999643
39996561
39996661
39996619
39996623
39996649
39996667
39996663
39996612
39996559
39996566
39996694
39996793
39996881
39996972
39997101
39997255
39997389
39997454
39997445
39997451
39997446
39997434
39997432
39997432
39997428
39997426
39997432
39997432
39997427
39997426
39997425
39997424
39997421
39997421
39997413
39997392
39997349
39997321
39997312
39997311
39997311
39997316
39997348
39997376
39997387
39997407
39997424
39997415
39997423
39997425
39997427
39997424
39997423
39997424
39997425
39997425
39997425
39997425
39997425
39997425
39997426
39997426
39997427
39997426
39997423
3999742
39997417
39997415
39997415
39997414
39997413
3999741
3999741
39997411
39997423
39997438
39997436
39997436
39997434
39997439
39997449
39997441
39997448
3999746
39997473
39997488
39997496
39997487
39997483
39997506
39997516
39997552
39997568
39997634
39997643
39997645
39997645
39997646
39997697
39997802
39997926
3999804
39998172
39998242
39998324
39998469
39998595
39998739
39998861
39999004
39999131
39999304
39999478
39999577
39999719
39999869
40000009
40000134
40000261
40000417
40000579
40000698
40000823
40000928
40001074
40001219
40001335
40001442
40001574
40001751
40001877
40002024
4000214
40002232
4000236
40002498
40002629
40002745
40002856
40002964
40002994
40003015
40003038
40003041
40003091
40003198
40003321
40003453
40003594
40003718
40003859
40003974
40004108
40004261
40004402
4000452
40004626
40004743
40004871
40005001
40005127
40005196
40005279
40005319
40005364
40005403
40005432
40005416
40005467
40005538
40005596
40005611
40005613
40005613
40005613
40005614
40005681
40005776
40005869
40005954
40006026
40006087
40006165
400063
4000638
40006445
40006597
40006689
40006775
4000687
40006976
40007093
40007209
40007302
40007361
40007461
40007583
40007694
40007799
40007925
40008039
40008149
40008274
40008382
40008489
40008607
40008738
40008852
40008942
40009034
40009082
40009104
40009101
40009094
40009076
40009076
40009072
4000904
40008993
40008967
40009023
40009127
40009227
40009321
40009424
40009504
40009574
4000964
40009676
40009685
40009709
40009727
40009759
40009748
40009737
40009686
40009675
40009617
40009606
40009609
40009537
40009531
40009533
40009563
40009659
40009736
40009782
40009821
40009833
4000986
40009884
4000994
4000996
40009975
40009975
40009977
40009973
40009991
40010023
40010055
40010081
40010101
4001008
40010066
40010083
40010069
40010083
40010094
40010096
40010096
40010096
4001009
40010084
4001008
40010073
40010067
40010064
40010064
40010059
40010075
40010095
40010106
40010101
40010105
40010109
40010109
40010105
40010015
40009968
40009949
40009953
40009957
40009957
40009962
40009918
40009886
40009863
40009863
4000986
4000987
40009873
40009796
40009695
40009695
40009695
40009686
40009686
40009678
40009668
40009663
40009663
40009663
40009666
4000969
40009703
40009723
40009743
40009743
40009724
40009703
40009634
40009561
40009552
40009552
40009558
40009556
40009572
40009592
40009632
40009708
40009801
40009906
40009997
40010105
40010217
40010185
400102
40010039
40010035
40010086
40010122
40010146
40010164
40010157
40010174
40010193
40010217
40010237
40010288
40010322
40010412
40010403
40010369
40010338
40010319
40010318
4001032
40010041
40009916
40009841
40009805
40009749
40009625
40009606
4000958
40009571
40009571
40009572
40009564
40009571
40009587
40009587
40009589
40009598
40009594
40009578
40009578
40009581
40009595
40009595
40009595
40009598
40009614
40009604
40009606
40009603
40009608
40009608
40009605
40009582
40009582
40009582
40009396
4000938
40009373
40009387
40009397
40009404
40009403
40009406
40009402
400094
40009406
40009399
40009399
40009394
40009384
40009384
40009383
40009471
40009526
40009583
40009578
40009578
40009581
4000957
4000957
40009567
40009548
40009502
40009487
40009487
40009483
40009492
40009501
40009493
40009496
40009497
400095
40009497
40009498
400095
40009504
40009504
40009507
40009499
4000949
40009486
40009486
40009486
40009502
40009515
40009508
40009508
40009509
40009571
40009594
4000959
40009567
40009539
400095
4000947
40009466
40009471
40009484
40009484
40009485
40009506
4000952
40009533
40009537
40009537
40009544
40009556
4000958
40009619
4000964
40009678
40009703
40009718
40009724
40009743
40009745
4000974
40009724
40009727
40009727
4000973
40009731
40009695
40009673
4000965
40009649
40009649
40009643
40009645
40009629
40009623
40009628
40009643
4000966
4000966
4000966
40009657
40001269
40001806
4000239
40004912
40005003
40005115
40005279
40008582
40009337
40009527
40009618
40009655
40009681
40009689
40009726
40009765
40009799
40009809
40009815
40009799
400098
40009795
40009795
40009802
40009807
40009784
40009784
40009779
40009762
40009725
40009714
4000971
40009712
40009716
40009716
4000972
40009729
4000973
40009729
40009908
40009944
4000997
40009962
40009953
40009948
40009948
40009954
40009953
40009956
4000996
4000996
40009956
40009947
40009938
40009929
40009925
40009924
40009924
40009916
40009845
40009853
40009822
40009771
4000977
4000977
40009772
40009794
40009795
40009772
40009763
40009758
40009758
40009764
40009753
40009737
40009745
40009731
40009738
40009738
40009734
40009682
4000966
40009659
40009652
40009654
40009654
40009658
40009668
40009673
40009673
40009676
40009648
40009643
40009654
4000966
40009663
40009667
40009671
40009674
40009674
40009672
40009672
40009672
40009665
40009655
40009642
40009642
40009639
40009646
40009661
40009661
40009661
40009664
40009672
40009685
40009672
40009676
40009679
40009679
40009671
40009618
40009578
40009569
40009575
40009577
40009582
40009746
40009812
40009845
40009839
40009839
4000984
40009823
40009819
40009819
40009818
40009789
40009717
4000969
4000969
40009694
40009668
40009668
40009669
40009679
40009672
40009672
4000967
4000969
4000967
4000967
40009671
40009661
40009697
40009697
40009695
40009677
40009666
40009666
40009661
40009678
40009714
40009734
40009743
40009768
40009803
40009841
40009924
40009964
40010035
40010059
40010098
40010108
40010102
40010108
40010112
40010109
40010103
40010103
40010107
40010101
40010096
40010096
40010093
40010072
40010073
40010083
40010084
40010072
40010017
40010008
40009887
40009855
40009835
40009798
40009798
4000979
40009625
40009642
40009635
40009624
40009617
40009617
40009614
40009616
40009596
400096
40009611
40009623
40009627
40009624
40009629
40009629
40009624
40009631
40009631
40009634
40009646
40009658
40009658
40009659
40009712
40009719
40009724
40009724
40009725
40009716
40009694
40009658
40009628
40009589
40009528
40009474
40009427
40009367
40009316
40009268
40009204
40009137
40009089
40009065
40009028
40009001
40008985
40008981
40008981
40008987
40009032
40009056
4000908
4000908
40009089
4000911
4000909
40009088
40009093
40009093
40009098
40009093
40009089
40009084
40009063
40009024
4000899
40008939
40008904
4000883
40008788
40008749
40008683
40008638
40008558
40008493
40008462
40008417
40008374
4000834
4000831
40008268
40008216
40008159
4000812
40008065
40008026
40007965
4000791
40007871
40007831
40007788
40007731
40007669
40007621
40007565
40007531
40007476
40007432
40007378
40007291
40007226
40007203
4000717
40007136
40007044
4000701
40006945
40006903
40006858
40006797
40006754
40006711
40006514
40006428
40006436
40006449
40006451
40006473
40006443
40006429
40006443
40006433
40006449
40006479
4000649
40006497
40006524
40006542
4000655
40006524
40006504
40006515
40006538
40006549
40006584
40006604
40006613
40006627
40006719
40006798
40006867
40006902
40006902
40006908
40006936
40006985
40007022
40007048
4000709
40007131
4000718
40007207
40007239
40007303
40007389
40007508
40007526
40007573
40007583
40007613
40007627
40007644
40007636
40007638
40007644
40007644
40007647
40007624
40007521
40007442
40007485
40007609
40007622
40007622
40007626
40007643
40007738
40007775
40008084
40008049
4000799
40007955
40007934
40007935
40007903
40007873
40007894
40007872
40007849
40007903
40007947
4000797
40007979
40008238
40008232
40008246
4000823
40008197
4000817
40008123
40008084
40008061
40008098
40008199
40008236
40008212
40008189
40008173
40008147
40001294
40007869
40007806
40007823
40007832
40007831
40007792
4000774
40007698
40007647
40007619
40007591
40007552
40007538
40007504
40007464
40007441
40007419
40007387
40007326
40007268
40007248
40007264
40007267
40007373
40007475
40007552
40007625
40007682
40007698
40007793
40007926
4000793
40007903
40007896
40007896
40007903
40007951
4000799
40007981
40008053
40008088
40008063
40007986
40007907
40007832
40007728
40007668
4000764
40007612
40007588
40007542
40007506
40007457
40007519
40007537
40007667
4000778
40007867
40007889
40007886
40007886
40007891
40008502
40008251
40008075
40007956
40007745
40007681
40007721
40007806
40007812
40007816
40007816
40007823
40007864
40007931
40007969
40007997
40008321
40008112
40008053
40008047
40008037
40008046
4000802
40007985
4000796
40007933
4000793
40007947
40007966
40007975
40007966
40007926
40007891
4000781
40007796
40007789
40007789
40007786
40007756
40007743
40007743
40007738
40007778
40007796
40007805
40007805
40007811
40007831
40007843
40007833
40007829
40007829
40007831
40007889
40007919
40007935
40007973
40007973
40007965
4000802
40008034
40008036
4000804
4000804
40008037
40008027
40007996
40008009
40008045
40008053
40008053
4000805
40008054
40008054
40008051
40008002
40007915
40007787
40007701
40007641
4000756
40007568
40007536
40007479
40007423
40007466
40007499
40007543
40007572
40007504
40007417
4000734
40007302
40007249
40007203
40007189
40007164
40007122
40007097
40007075
40007062
40007062
40007056
40007056
40007069
40007111
40007702
4000766
40007651
40007643
40007585
40007511
40007489
40007448
40007388
40007337
40007276
40007238
40007225
40007174
40007127
40007046
40006999
40006965
40006926
40006899
40006881
40006824
40006824
40006816
40006748
40006687
40006687
40006688
40006686
40006664
40006654
40006613
40006581
40006581
40006584
40006516
40006488
40006468
40006449
40006441
40006415
40006418
40006418
40006423
40006432
40006448
40006459
40006471
40006471
40006472
4000651
40006524
40006529
40006537
40006535
40006538
40006534
40006534
40006531
40006525
40006535
40006537
40006552
40006554
40006555
40006544
40006541
40006553
40006579
40006567
40006567
40006565
40006556
40006547
40006547
40006539
40006533
40006533
400065
40006463
40006442
40006414
40006374
40006355
40006327
40006289
40006279
40006293
40006304
40006326
40006358
40006344
40006343
40006386
40006459
40006523
40006541
40006544
4000656
40006767
40006854
40006863
40006911
40006934
4000697
4000701
40007109
40007224
40007252
40007314
40007398
40007447
40007508
40007572
40007636
40007716
40007779
40007843
40007901
40007992
40008028
40008094
40008172
40008185
40008199
40008282
40008321
40008366
40008411
4000847
40008527
40008597
40008671
40008731
40008789
40008822
40008856
40008903
40008953
40008961
40008961
40008955
40008979
40009004
40009019
40009003
40009019
40009042
40009037
4000904
40009053
40009041
40009053
40009045
40008999
40008966
40008945
40008944
4000895
40008998
40009046
40009102
40009173
40009251
40009285
4000934
40009369
40009397
40009437
4000962
40009663
40009663
40009668
40009752
40009747
40009718
40009707
40009682
4000968
40009665
40009667
40009645
40009648
4000965
4000965
40009655
40009602
40009555
40009516
40009477
40009455
40009442
40009442
40009442
40009463
4000958
40009607
40009665
4000972
40009767
40009767
40009763
40009823
40009833
40009915
40009959
4001
40010007
40010006
40010006
40010006
40010016
40010035
40010034
40010041
4001003
40010016
40010004
40009983
40009975
40009971
40009971
40009971
40009974
40009974
40009979
40009975
40009978
40009978
40009975
40009978
40009978
40009981
40009969
40009953
40009944
40009949
40009958
4000997
4000995
40009956
40009956
40009953
40009953
40009958
40009958
4000996
40009983
40010014
4001
40010004
40010008
40010008
40010009
40010008
40010008
40010002
40009995
40009984
40009981
40009977
40009974
40009974
40009972
40009995
40014251
4001425
40014248
40014248
40014256
40014289
40011596
40009941
40009949
40009687
40009859
40009854
40009841
40009841
40009836
40009801
40009764
40009754
40009756
40009756
40009749
4000967
40009638
40009642
40009647
40009652
40009652
40009658
40009668
40009668
40009675
40009693
40009714
40009703
40009695
40009698
40009699
40009707
40009707
40009711
40009685
40009685
40009679
40009703
40009728
40009744
40009744
4000975
4000975
40009754
40009742
40009741
40009729
40009733
40009735
40009735
40009741
40009756
4000977
40009772
40009765
4000976
40009767
40009767
40009772
4000975
4000975
40009745
40009743
40009743
40009747
40009722
40009701
40009694
40009689
40009692
40009699
40009701
40009701
40009708
40009706
40009706
40009698
40009686
40009671
40009674
40009677
40009673
40009667
40009668
40009668
40009664
40009653
40009653
40009651
40009634
40009634
40009631
40009619
40009609
4000961
40009613
40009613
40009608
40009612
40009617
40009624
40009624
40009624
40009631
40009629
40009628
40009641
40009649
40009661
40009664
4000968
40009712
40009729
40009731
40009739
40009718
40009698
40009693
40009693
40009701
40009713
40009713
4000972
40009721
40009707
40009707
40009705
40009697
40009692
40009687
40009683
40009685
40009679
40009679
4000968
40009681
40009684
40009687
4000969
40009695
40009693
40009693
40009686
40009677
4000967
4000967
40009663
40009651
40009651
40009651
4000966
40009665
4000966
40009659
40009662
40009662
40009662
40009666
40009676
40009661
40009672
40009697
40009717
4000973
40009754
40009783
40009773
40009771
4000977
4000977
40009774
40009774
40009781
40009791
40009791
40009789
4000978
40009747
4000972
40009692
40009687
40009683
40009684
40009688
40009687
4000968
4000968
40009675
40009659
40009645
40009648
40009651
40009675
4000969
40009696
40009696
400097
40009702
40009702
40009704
40009714
40009719
40009724
40009724
40009723
4000971
40009673
40009663
40009669
40009684
40009691
40009691
40009697
40009706
40009709
40009709
4000971
40009961
40009987
40009989
40009956
40009927
4000991
40009903
40009874
40009877
40009907
40009863
40009831
40009782
40009801
40009793
40009793
40009792
40009792
40009766
40009744
40009735
40009738
40009738
40009744
40009769
40009768
40009759
40009747
40009723
40009701
40009669
40009677
40009743
40009752
40009772
40009772
40009776
40009789
40009805
40009831
40009862
40009888
40009909
40009932
40009958
40009976
40009989
40009989
40009982
40009993
40009993
40009999
40010008
40010017
40010027
40010036
40010039
40010042
40010041
40010041
40010041
40010028
40009919
40009915
4000991
40009906
40009909
40009917
40009917
40009917
40009873
40009844
40009837
40009799
400098
400098
400098
40009807
40009791
4000978
40009756
40009754
40009754
40009754
40009747
40009734
40009733
40009733
40009734
40009754
40009769
40009779
40009779
40009784
40009798
4000978
4000978
40009776
40009758
4000975
4000975
40009743
40009734
40009722
40009709
40009701
40009685
40009685
4000969
40009681
40009681
4000968
40009674
40009667
40009667
40009662
40009635
40009607
40009599
400096
40009594
40009599
40009599
40009599
40009581
40009562
40009556
40009554
40009554
40009549
40009536
40009516
40009484
40009725
40009747
40009938
40009925
4000991
40009889
4000985
40009845
4000984
40009842
40009847
40009847
40009851
40009822
4000983
4000983
40009832
40009834
40009834
40009837
40009835
40009835
40009843
40009851
40009851
40009853
40009863
40009875
40009888
40009934
40009932
40009915
40009884
40009866
40009859
40009859
40009855
40009846
40009843
4000985
40009854
40009854
40009856
40009844
40009817
40009811
40009815
40009813
40009813
40009813
40009816
40009814
40009808
40009812
40009812
40009804
40009795
40009801
40009805
40009799
40009799
40009801
40009807
40009799
40009798
40009798
40009792
40009792
40009785
40009771
40009777
40009785
40009785
40009778
40009774
40009776
40009801
40009821
40009871
40009899
40009633
40009624
40009626
40009646
40009669
40009671
40009673
40009673
40009681
40009691
40009687
40009687
40009689
40009698
40009708
40009716
40009719
40009722
40009727
40009725
40009718
40009717
40009713
40009713
40009713
40009719
40009719
4000971
4000971
4000971
40009718
40009718
40009726
40009737
40009744
40009744
40009742
40009736
40009735
40009742
40009745
40009746
40009751
40009751
40009753
40009739
40009744
40009746
40009753
40009753
40009756
40009764
40009757
40009758
40009755
40009756
40009756
40009756
4000976
40009771
4000976
40009764
40009764
4000977
40009755
40009761
40009755
40009755
40009748
40009737
40009729
40009726
40009725
4000972
4000972
4000972
4000973
4000974
40009731
40009731
40009727
40009744
40009769
40009774
40009771
40009771
40009768
4000976
40009755
40009755
40009752
40009752
40009759
40009757
40009753
40009746
40009746
40009742
40009751
40009753
40009762
40009762
4000976
4000975
40009717
40009685
4000967
40009682
40009684
40009684
40009686
400097
40009702
400097
40009693
40009686
40009689
40009696
40009692
40009692
40009688
40009699
40009717
40009731
40009751
40009769
40009776
40009751
40009751
40009759
40009759
40009758
4000977
40009788
40009784
40009784
40009786
40009776
40009776
40009778
40009813
4000983
40009806
40009793
40009789
40009789
40009795
4000982
40009841
40009832
40009811
40009809
40009815
40009818
40009818
40009815
40009789
40009733
40009702
40009703
40009693
40009686
40009686
40009686
40009694
40009684
40009665
4000963
40009589
40009792
40009844
40009859
40009854
4000982
40009824
40009826
40009828
40009828
40009825
40009815
40009812
40009816
40009816
40009822
40009813
40009803
40009801
40009798
40009798
40009805
40009814
40009809
40009803
40009807
40009815
40009811
40009811
40009806
40009801
40009804
40009801
40009802
40009804
4000981
40009817
40009817
4000981
40009809
40009777
40009777
40009769
40009699
40009634
4000961
40009602
40009597
40009597
40009605
40009631
40009631
40009639
40009649
40009649
4000965
40009667
40009685
40009688
40009702
40009729
40009759
40009808
40009829
40009829
40009836
40009831
40009789
40009762
40009733
40009698
40009698
40009699
40009686
40009639
4000962
4000962
40009626
4000965
40009665
40009712
40009736
40009736
40009744
40009765
4000978
4000975
40009727
40009725
40009725
40009731
4000974
40009743
40009743
40009745
40010008
40010061
4001004
40009998
40009947
40009909
40009856
40009824
40009791
40009791
40009794
40009804
40009823
40009821
40009814
40009817
40009817
40009824
40009801
40009745
40009742
40009742
40009743
40009734
40009734
40009738
40009729
4000972
40009668
40009616
40009635
40009635
40009638
40009623
40009625
40009631
4000963
4000963
40009628
4000964
40009699
40009657
40009683
40009725
40009743
40009755
40009755
4000975
40009761
40009759
40009777
40009742
40009747
40009745
40009752
40009733
40009734
40009736
40009736
40009733
40009724
4000967
40009587
40009559
40009559
40009554
40009542
40009507
40009505
40009504
40009504
40009506
40009452
40009452
40009452
40009467
40009489
40009516
40009516
40009524
40009549
40009559
40009564
40009565
40009565
40009571
40009587
4000959
40009599
40009592
40009609
40009606
40009605
40009605
4000961
40009623
40009637
40009622
40009627
40009622
40009622
40009621
4000964
40009664
40009668
40009673
40009673
40009669
40009643
4000962
40009613
40009617
40009617
40009622
40009631
40009631
40009636
40009645
40009654
40009654
40009657
40009647
4000964
4000964
40009642
40009634
40009626
40009621
40009622
4000962
40009618
40009617
40009618
40009617
40009623
40009628
40009632
40009629
40009624
40009629
40009632
40009632
4000964
40009651
40009659
40009664
40009664
40009664
40009674
4000969
40009695
40009695
40009702
40009712
40009723
40009734
40009742
40009745
40009744
40009744
40009742
40009732
4000972
40009709
40009706
40009703
40009699
40009696
40009698
40009699
40009699
40009692
40009682
40009681
40009684
40009686
40009684
40009686
40009686
40009685
40009676
40009667
4000966
4000966
4000966
40009667
40009668
40009674
40009671
40009667
40009665
40009659
40009654
40009652
40009654
40009654
40009658
40009653
40009653
40009647
40009625
40009603
40009657
40009684
40009684
40009676
40009667
40009667
40009662
40009653
40009653
40009645
40009636
40009626
40009655
40009867
40009978
40010092
40010149
40010152
40010042
40009892
40009824
40009807
40009786
40009774
40009743
40009738
40009736
40009741
40009741
40009739
40009685
40009664
40009664
40009656
40009666
4000969
40009686
40009664
40009635
40009569
40009519
4000951
40009523
40009574
40009609
40009618
40009618
40009624
40009618
40009636
40009652
40009661
40009654
40009635
40009667
40009705
40009705
40009698
40009684
40009684
40009688
40009697
40009688
40009688
40009691
40009639
40009572
40009518
40009465
40009362
40009332
40009342
40009397
40009439
40009484
40009499
40009493
40009496
40009527
40009544
40009542
40009542
4000955
4000958
40009596
40009615
40009608
40009608
40009615
40009634
40009653
40009653
40009651
40009668
40009665
40009669
40009672
40009672
40009678
40009698
40009665
40009655
40009655
40009655
40009653
40009662
40009665
40009666
4000967
40009675
40009675
40009682
40009656
40009614
40009608
40009599
40009596
40009603
400096
40009602
40009602
40009601
40009591
40009578
40009566
40009567
40009569
40009569
40009576
40009587
40009612
4000959
40009582
40009558
40009525
40009523
40009536
40009558
40009601
40009613
40009612
40009612
40009612
40009637
40009679
4000971
40009718
4000974
4000977
4000977
40009768
40009762
40009787
40009779
40009741
4000969
4000964
40009621
40009615
40009608
40009608
40009608
40009623
40009625
40009625
4000962
40009601
40009587
40009583
40009576
40009576
40009582
40009591
40009597
40009597
40009597
40009603
40009612
40009598
40009578
40009578
40009583
40009626
40009685
40009724
4000969
40009645
40009645
40009642
4000966
4000969
40009684
40009719
40009719
4000972
40009742
40009789
40009728
40009661
40009614
40009566
4000954
40009526
40009528
40009528
40009531
40009509
40009487
40009458
40009392
40009333
40009308
400093
40009335
40009333
40009333
40009333
4000938
40009506
40009564
40009618
40009662
40009669
40009676
40009679
40009683
40009683
40009676
40009671
40009662
40009655
40009655
40009657
40009635
40009634
40009632
40009632
4000963
4000963
40009633
4000969
40009724
40009775
40009843
40009893
40009937
40009917
40009873
40009877
40009847
40009767
4000979
40009796
4000977
40009746
40009694
40009685
40009633
40009592
40009538
40009515
4000952
40009532
4000955
40009576
40009614
40009656
40009684
40009708
40009756
40009783
40009793
40009808
40009767
40009711
40009671
40009651
4000963
40009632
40009632
40009632
40009614
40009609
40009582
40009563
40009531
40009488
40009491
40009512
40009562
40009574
40009574
40009566
4000959
40009602
40009632
4000964
40009643
40009684
40009693
40009731
40009748
40009733
40009687
40009671
40009663
40009663
40009659
40009661
40009648
40009648
40009643
40009634
40009636
40009626
40009584
40009516
40009499
40009499
40009506
40009516
40009544
40009549
40009549
40009546
4000956
40009571
40009558
40009547
40009528
40009529
40009527
40009526
40009531
40009536
40009529
40009526
40009525
40009524
40009524
40009529
40009577
40009673
40009738
40009781
40009837
40009881
40009924
4000992
40009896
40009896
40009893
40009883
40009883
40009876
40009897
4000993
40009911
40009828
40009768
4000973
40009669
40009671
40009641
40009612
4000959
40009589
4000982
40009831
40009817
40009817
4000981
40009791
4000977
40009709
40009685
40009685
40009677
4000968
400097
40009731
40009766
40009747
40009726
40009718
4000971
4000971
40009706
40009703
40009686
40009663
40009658
40009658
40009659
40009662
40009657
40009658
40009664
40009664
40009672
40009676
40009657
40009657
40009659
40009648
4000963
4000963
4000963
40009653
40009673
40009686
40009686
40009685
40009624
40009571
4000955
40009541
40009539
40009539
40009545
40009548
40009554
40009553
40009545
40009547
40009546
40009544
40009536
40009541
40009541
40009549
40009567
40009584
40009617
40009644
40009667
40009683
40009687
40009684
40009684
40009677
40009652
40009595
40009562
40009545
40009539
40009539
40009545
40009543
40009543
40009546
40009563
40009541
40009538
40009536
40009535
40009532
40009532
40009538
4000959
40009616
40009658
40009693
40009701
40009701
40009707
40009686
40009659
40009659
40009658
40009657
40009652
40009657
40009661
40009661
40009664
40009664
40009694
40009693
40009685
40009685
40009677
4000967
4000968
4000968
40009672
40009685
40009684
40009689
40009685
40009685
40009678
40009656
40009606
40009603
40009607
40009607
40009604
40009596
40009599
40009599
40009597
40009619
40009647
40009652
40009659
40009659
40009659
40009616
40009595
40009596
40009597
40009593
40009609
40009602
40009593
40009593
40009592
40009581
40009513
40009498
40009512
40009515
40009518
40009518
40009526
40009584
40009628
40009636
40009617
40009604
40009596
40009597
40009604
40009604
40009604
4000961
40009621
40009631
40009661
40009688
40009694
40009678
40009686
40009686
40009688
40009697
40009729
40009738
40009738
40009733
40009682
4000966
40009664
40009671
4000985
40009875
40009849
40009845
40009845
40009845
40009847
40009851
40009852
40009848
40009785
40009785
4000978
40009737
40009728
400097
40009588
40009552
40009604
40009671
40009711
40009762
4000978
4000979
4000987
40009943
40009896
40009853
4000992
40009958
40009974
40009977
40009893
40009764
40009804
400099
40009745
40009441
40009326
40009341
40009368
400094
40009429
40009498
40009565
4000962
40009661
40009664
40009679
4000969
40009722
40009742
40009754
40009775
40009812
40009839
40009842
40009839
40009839
40009834
40009788
40009759
40009718
40009704
40009718
40009706
40009702
40009709
40009741
40009743
40009743
40009742
4000975
40009735
40009794
40009893
40009926
40009861
40009908
40009878
40009887
4000983
40009793
40009712
40009704
40009694
40009696
40009685
40009698
40009727
4000974
40009753
40009798
40009775
4000978
40009752
40009724
4000969
40009647
40009639
40009624
40009614
40009578
40009561
40009541
40009551
40009577
40009609
40009638
40009636
40009636
40009636
40009662
40009721
40009763
4000977
40009757
40009712
40009682
40009595
4000956
40009748
40009753
40009719
40009654
4000971
40009724
40009724
40009724
40009719
40009696
4000969
40009693
40009696
40009691
40009686
4000969
4000969
40009688
4000968
40009672
40009667
4000966
4000966
40009659
40009622
40009588
40009559
40009535
40009532
40009532
40009536
40009546
40009563
40009573
40009564
40009558
40009558
40009559
40009614
40009648
40009658
40009671
40009669
40009671
40009676
40009676
40009671
40009668
40009668
40009672
40009678
40009678
40009674
40009669
40009669
40009663
40009641
40009608
40009601
40009597
40009597
40009602
40009619
40009634
4000964
40009647
40009652
40009658
40009658
40009655
40009638
40009621
40009621
40009626
40009633
40009635
40009635
40009634
40009648
40009662
40009667
40009667
40009661
40009663
40009685
4000969
4000969
40009687
40009687
40009691
40009737
40009772
40009775
40009769
40009771
40009771
40009776
40009784
40009802
40009793
40009803
400098
400098
400098
40009582
40009576
40009549
40009502
40009438
40009478
40009485
40009485
40009484
40009525
40009586
40009653
40009692
40009693
40009688
40009654
40009644
40009643
40009643
4000964
4000963
4000963
40009625
40009602
40009598
40009598
40009603
40009627
40009663
40009685
40009688
40009696
400097
40009685
40009685
4000969
4000967
40009652
40009652
40009651
40009654
40009689
4000974
40009784
40009832
40009843
40009828
40009821
40009813
40009823
4000981
40009807
40009811
4000981
40009831
40009843
40009826
400098
40009788
40009784
4000976
40009725
40009726
40009726
40009724
40009713
40009712
4000971
4000971
40009711
40009721
40009729
40009768
40009786
40009814
40009797
40009797
40009789
40009752
40009728
40009728
4000973
40009716
40009714
4000972
40009713
40009717
40009717
40009724
40009744
40009747
40009756
40009768
40009759
40009747
40009747
40009748
40009718
40009727
40009733
40009718
40009718
40009718
40009715
40009683
40009679
40009674
40009674
40009671
40009662
4000966
40009663
40009662
40009662
40009662
40009665
40009669
40009669
40009674
40009696
40009755
40009776
40009808
40009806
40009806
40009804
40009777
40009765
40009766
40009764
40009764
40009763
40009781
40009753
40009753
4000975
4000975
40009756
40009767
40009772
40009772
40009778
40009773
40009777
40009777
40009777
40009808
40009843
40009869
40009883
40009936
40009959
40009977
40009973
40009976
40009975
40009972
40009968
40009962
40009956
40009956
40009948
40009897
4000988
40009879
40009889
40009892
40009878
40009856
40009837
40009837
40009831
400098
40009754
40009726
40009724
40009724
40009723
40009724
40009729
40009727
40009722
40009722
40009719
40009729
40009732
40009732
40009726
40009683
40009652
4000965
40009656
4000966
4000966
40009668
40009673
4000967
40009668
40009666
40009663
40009663
40009658
40009651
40009618
40009615
40009645
40009652
40009652
4000966
40009651
40009649
40009651
40009643
40009646
40009638
40009638
40009639
40009649
40009658
40009668
40009678
40009676
40009676
40009675
40009684
40009693
40009693
40009675
40009668
40009642
40009578
40009536
40009504
40009516
40009516
40009517
40009542
40009565
40009598
40009602
40009597
40009597
40009596
40009607
40009613
40009618
40009618
40009618
40009623
40009634
40009644
40009651
40009655
4000966
40009663
40009671
40009673
40009667
40009672
4000968
4000968
40009684
40009654
40009594
4000956
40009531
40009523
40009503
40009567
4000958
40009592
40009604
40009604
40009609
40009644
40009688
40009736
40009771
40009608
40009589
40009588
40009609
40009606
40009616
40009625
400096
400096
40009606
40009583
40009589
4000959
40009593
40009598
40009599
40009593
40009593
400096
40009651
40009691
40009754
40009781
40009769
40009777
40009785
40009785
40009782
40009786
40009789
40009782
40009774
40009771
40009766
40009769
40009776
40009776
40009782
40009753
40009734
40009734
40009734
40009733
40009724
40009709
40009707
400097
40009694
40009694
40009694
40009676
40009655
4000964
40009638
40009636
40009636
40009636
40009643
40009707
40009737
4000975
40009743
40009712
40009695
40009685
40009671
40009683
40009714
40009751
4000976
40009768
40009788
40009781
40009788
40009776
40009733
40009663
40009637
40009637
40009632
40009621
4000962
4000962
40009621
40009599
40009593
40009555
4000956
40009566
40009566
40009571
4000958
4000958
40009585
40009575
40009547
40009533
40009538
4000954
40009537
40009542
40009542
40009541
40009486
4000943
40009441
4000945
4000947
40009501
40009503
40009488
4000948
4000948
40009487
40009541
40009606
40009648
40009639
40009637
40009615
40009611
40009617
40009622
40009622
40009621
40009603
40009566
40009522
40009481
40009469
40009429
40009364
40009379
40009379
40009379
40009377
40009378
40009378
40009371
40009363
40009363
40009357
40009336
40009334
40009346
40009392
40009505
40009538
40009559
40009538
40009533
40009517
40009513
40009518
40009518
40009518
4000952
4000959
40009715
40009799
40009837
40009837
40009845
4000982
40009758
40009698
40009676
40009648
40009646
40009645
40009645
40009643
4000961
40009558
40009575
40009556
4000956
4000962
40009587
40009587
40009588
40009619
40009631
40009654
40009659
40009657
4000967
40009701
40009693
40009647
40009625
40009605
4000961
4000958
40009571
40009571
40009571
40009609
40009644
40009657
40009642
40009623
40009632
40009642
40009642
40009638
40009638
4000964
40009634
40009634
40009633
40009593
40009523
40009467
4000942
40009559
40009659
40009736
40009784
40009846
40009829
40009769
40009639
40009607
40009594
40009589
40009604
40009643
40009688
40009759
40009793
40009802
40009807
40009783
40009802
40009814
40009847
40009889
40009961
40010028
40010096
40010115
40010047
40009985
40009947
40009944
40009869
40009752
40009662
40009509
40009424
40009387
40009332
40009306
40009312
40009339
40009345
40009345
40009339
40009341
40009357
40009356
40009356
40009353
40009342
40009377
40009378
40009343
40009347
4000935
40009347
40009345
40009347
4000935
40009355
40009359
40009359
40009364
40009381
40009432
40009432
4000948
40009489
40009508
40009582
400096
40009596
40009607
4000963
40009604
40009576
40009523
40009499
4000957
40009641
40009625
40009619
40009666
40009732
40009786
40009859
40009943
40010014
40009925
40009883
40009824
40009753
40009644
40009572
40009561
40009533
40009504
40009491
40009483
40009489
40009489
40009483
40009485
40009512
40009535
40009545
40009545
40009539
40009491
40009466
40009452
40009452
40009475
40009505
40009526
40009506
40009495
40009495
4000949
40009509
4000953
40009529
40009536
40009502
40009502
40009497
40009497
40009479
40009481
40009482
40009486
40009471
40009422
40009391
40009373
40009358
40009355
40009355
40009354
40009365
40009365
4000936
40009432
40009455
40009457
40009464
40009527
40009558
40009558
40009565
40009547
4000954
4000954
40009544
40009549
40009531
40009529
40009524
40009524
40009522
40009471
4000947
4000945
40009433
40009433
40009431
40009421
40009414
40009375
40009375
40009382
40009368
40009318
40009267
40009267
40009252
40009229
4000923
4000923
40009226
40009261
40009348
40009395
40009465
40009506
40009529
40009556
40009556
40009559
40009568
40009596
40009624
40009642
4000963
40009612
40009629
40009662
40009647
40009602
40009576
40009541
40009462
40009432
4000945
40009462
40009495
4000954
40009596
40009677
40009745
40009763
40009955
40009972
40010025
40009997
40009881
40009877
40009877
4000988
40009854
40009742
40009657
40009665
40009663
40009627
4000962
40009549
40009465
40009378
40009438
40009488
40009549
40009582
40009575
40009558
40009601
40009627
40009629
40009648
40009667
40009652
40009591
40009544
40009412
40009437
40009404
40009463
40009553
40009586
4000956
40009584
4000956
40009531
40009524
40009529
40009541
40009569
40009554
40009708
40009748
40009743
40009739
40009744
40009752
40009757
40009765
40009765
40009769
40009783
4000982
40009845
40009839
40009838
40009838
40009835
40009825
40009812
40009789
40009756
40009756
40009748
40009737
40009737
4000973
40009677
40009592
40009541
40009545
40009544
40009537
40009535
40009538
40009542
40009542
40009547
40009557
40009561
40009564
40009562
40009564
40009562
40009561
40009564
40009561
40009561
40009564
40009541
40009523
40009565
40009562
40009541
40009541
40009548
40009646
40009721
4000973
40009712
40009588
40009516
40009489
40009538
40009556
4000958
40009586
40009586
40009584
40009553
40009483
40009468
40009465
40009463
40009463
40009458
40009427
40009352
40009318
40009326
40009362
40009385
4000944
40009442
40009442
40009444
40009489
40009516
40009537
4000954
40009528
40009522
40009523
40009517
40009509
40009509
40009517
4000952
40009518
40009522
40009527
40009527
40009531
40009504
40009485
4000949
4000947
40009431
40009386
40009364
4000935
40009353
40009335
40009254
40009241
40009253
4000929
4000929
40009286
40009259
40009203
40009137
40009168
40009168
40009152
40009186
40009408
40009538
40009588
40009614
40009614
40009617
40009573
40009526
40009526
40009518
40009461
40009398
4000936
40009348
4000934
4000934
40009338
40009353
40009367
40009378
40009416
40009447
40009462
40009453
40009429
40009404
4000939
40009393
40009401
40009401
40009409
40009436
40009436
40009437
40009434
4000943
40009426
40009426
4000942
40009427
40009435
40009439
40009442
40009438
40009442
40009442
40009438
40009453
40009497
40009528
40009557
40009591
40009599
40009599
40009596
40009587
40009578
4000957
40009567
40009568
40009568
40009571
40009588
40009591
40009589
40009587
40009587
40009586
40009536
40009493
40009463
40009451
40009451
40009453
40009465
40009469
40009468
4000947
40009468
40009468
40009475
40009494
40009564
40009603
40009657
40009701
40009742
40009784
40009789
40009791
40009791
40009789
40009795
40009769
40009749
40009742
40009743
40009743
40009735
40009701
40009707
40009712
40009718
40009718
40009719
40009664
40009653
40009676
40009682
40009694
40009704
40009688
4000968
4000968
40009675
40009675
40009674
40009685
40009704
40009716
40009714
40009716
40009718
40009718
40009715
40009714
40009711
40009711
40009709
40009719
40009721
40009721
40009717
40009665
40009664
40009623
40009615
40009609
4000961
40009608
40009606
40009606
40009611
40009603
40009577
40009558
40009751
40009759
40009761
40009763
40009763
4000977
40009759
40009753
40009718
40009673
40009652
40009618
40009635
40009674
40009713
40009749
40009792
40009826
40009858
40009889
40009893
40009889
40009889
40009892
40009882
4000987
40009861
40009863
40009865
40009861
40009861
40009857
40009839
4000978
400097
40009696
40009693
40009693
4000969
40009773
40009809
40009771
40009706
40009699
40009699
40009703
40009684
40009676
40009679
40009682
40009682
40009683
400097
40009688
4000969
40009691
40009686
40009683
40009683
40009676
40009666
40009666
40009666
40009666
40009663
40009666
4000967
40009673
40009673
40009677
40009701
40009727
40009761
4000979
40009796
40009796
40009797
40009785
40009765
40009759
40009753
40009753
40009746
40009736
40009697
4000964
40009627
40009627
40009624
40009634
40009642
40009648
40009648
40009655
40009667
4000967
4000967
40009663
40009641
40009641
40009649
40009666
40009702
40009774
40009804
40009787
40009781
40009781
40009779
40009777
40009781
40009783
4000979
4000979
40009793
40009794
400098
40009557
40009529
40009516
40009514
40009514
40009514
40009517
40009567
40009604
40009604
40009599
40009629
40009669
40009717
40009739
40009748
40009687
40009669
40009623
40009585
40009563
40009561
40009553
40009556
40009556
40009554
4000954
40009547
40009583
40009571
40009572
40009572
40009567
40009557
40009557
40009556
40009568
40009568
40009573
40009597
40009606
40009573
40009573
40009573
40009586
40009605
40009605
40009608
40009603
40009622
40009638
40009669
40009703
40009703
40009696
40009711
40009707
40009683
4000965
40009645
4000964
40009639
40009631
40009631
40009631
40009656
40009694
40009694
40009691
40009699
40009699
40009705
40009692
40009666
40009656
40009656
40009655
40009664
40009635
40009633
40009633
40009626
40009606
40009595
40009595
40009601
40009605
40009603
40009598
40009573
40009573
40009573
40009567
40009527
40009509
40009493
40009493
400095
40009509
40009518
40009535
4000956
40009557
40009557
40009557
4000956
4000955
4000955
4000955
40009622
40009651
40009672
40009672
40009677
40009686
40009693
40009697
40009703
40009706
40009706
40009709
40009678
4000967
4000967
4000967
4000961
40009579
40009588
40009602
40009681
40009716
40009727
40009726
40009669
40009635
40009617
40009606
40009637
40009669
40009705
40009685
40009664
40009658
40009676
40009678
40009675
40009672
40009673
40009669
40009669
4000967
40009703
40009742
40009762
40009746
40009738
40009744
40009738
40009716
40009716
40009718
40009716
40009666
40009655
40009655
40009659
40009622
40009622
40009627
40009603
40009606
40009606
40009605
40009596
40009597
40009593
40009586
40009585
40009585
4000959
40009607
4000964
4000964
40009649
40009653
40009664
40009664
40009671
4000968
40009681
40009681
40009682
4000969
400097
400097
40009708
40009697
40009689
40009693
40009698
40009698
40009705
40009724
40009757
40009786
40009786
40009791
4000976
40009735
4000971
40009655
40009646
40009646
40009645
40009647
40009647
4000965
40009635
40009633
40009629
40009625
40009624
40009619
40009618
40009618
40009614
40009605
40009599
40009599
400096
40009577
40009566
40009547
40009551
40009551
40009554
40009617
40009618
40009618
4000962
40009635
40009635
40009643
40009664
40009679
40009679
40009675
40009692
40009699
40009726
40009757
40009759
40009739
40009741
40009741
40009744
40009756
40009747
40009747
40009743
40009741
40009741
40009747
40009747
40009752
40009736
40009687
40009684
40009676
40009673
40009672
40009672
4000967
40009661
40009661
40009657
40009667
40009674
40009678
40009694
40009702
400097
400097
40009707
40009711
4000972
40009729
40009722
40009699
4000969
4000969
40009693
40009702
40009719
40009723
40009715
40009713
40009716
40009716
40009719
40009717
40009709
40009685
40009682
40009674
40009679
40009679
40009679
40009665
40009665
40009668
40009663
40009665
4000966
4000966
40009665
40009677
40009702
40009738
40009738
40009739
40009741
4000972
40009696
40009696
40009691
40009709
40009713
40009708
40009702
40009702
40009701
40009712
4000973
40009717
40009712
40009712
40009715
40009727
40009732
40009732
40009734
40009745
4000977
40009784
40009809
40009849
40009854
40009831
40009782
40009779
40009776
40009769
40009769
40009764
4000977
40009764
40009762
40009761
40009781
4000979
40009794
40009793
40009793
40009789
40009762
40009749
40009742
40009742
40009749
40009751
4000973
4000973
40009722
40009706
40009701
40009701
40009705
40009705
40009707
40009735
4000975
40009731
40009722
40009723
40009725
40009725
40009725
40009719
40009712
40009712
4000972
40009729
40009729
40009729
4000965
40009637
40009641
40009638
40009646
40009652
40009657
40009652
40009651
40009653
40009649
4000965
4000965
40009643
40009626
40009607
4000961
40009623
40009633
40009633
40009641
40009667
40009715
40009741
4000975
40009748
40009725
40009691
40009644
40009627
40009632
40009625
40009603
40009613
40009621
40009621
40009626
40009614
40009594
40009572
40009594
40009631
40009624
40009624
40009624
40009641
40009636
40009636
40009629
4000962
40009614
40009612
40009609
40009609
40009612
40009602
40009853
40009888
40009891
40009845
40009841
40009841
40009834
40009821
40009797
40009792
40009787
40009779
40009779
40009785
40009789
40009796
40009796
40009799
40009737
40009716
40009685
40009638
40009596
40009557
40009548
40009547
40009541
4000954
40009548
4000954
4000954
40009539
40009578
40009694
40009811
40009906
4000999
4001
40010008
40009977
40009903
40009822
40009758
40009694
40009644
40009609
40009601
40009601
40009601
40009642
40009679
40009693
40009685
40009657
40009661
40009669
40009666
40009667
4000967
40009672
40009672
40009675
40009681
400097
40009744
40009768
40009748
40009738
40009738
40009744
40009714
40009714
40009714
40009714
40009707
4000968
40009632
40009608
40009597
40009596
40009588
40009589
40009588
40009593
40009593
40009601
40009613
4000962
40009627
40009628
40009625
40009625
40009632
40009641
4000965
40009649
40009644
4000964
4000964
40009645
40009634
4000962
40009638
40009647
4000972
4000974
40009732
40009724
40009728
40009728
40009721
40009722
40009717
40009717
4000971
40009692
40009656
40009662
40009662
40009667
40009688
40009675
40009675
40009675
4000967
40009627
40009588
40009574
40009574
40009566
40009586
40009606
40009607
40009609
40009609
40009617
40009627
40009636
40009636
40009638
40009627
40009585
40009597
40009613
4000968
4000974
4000978
40009772
40009766
40009766
40009772
40009733
40009744
40009759
40009759
40009767
40009767
40009772
40009763
40009756
40009756
40009761
40009731
40009677
40009686
40009711
40009707
40009701
40009701
40009698
40009668
4000961
40009574
40009565
40009565
40009558
40009548
40009548
4000955
40009504
40009474
40009473
40009483
40009497
40009527
40009534
40009534
4000954
40009551
40009627
40009688
40009702
40009694
40009629
40009538
40009465
40009394
40009366
40009356
40009397
4000946
40009526
40009603
40009725
4000981
40009891
40009926
40009926
40009926
40009931
40009917
40009857
4000979
4000981
4000983
40009888
40009912
40009927
40009908
4000991
40009869
40009822
40009779
40009731
40009713
4000967
40009635
40009637
40009652
40009671
40009686
400097
40009683
40009624
4000953
40009481
40009438
40009413
40009374
40009389
40009504
40009621
40009654
40009664
40009658
40009668
40009696
40009677
40009673
40009673
40009673
40009669
40009679
40009676
40009673
40009675
40009712
40009741
40009751
4000979
40009854
40009898
40009918
40009915
40009926
400099
40009882
40009859
40009859
40009855
4000985
40009833
40009792
40009763
40009766
40009768
40009714
40009654
40009598
40009631
40009633
4000967
40009738
40009784
40009786
40009826
40009883
40009889
40009795
40009742
4000977
40009824
40009872
40009613
40009579
40009558
4000957
40009589
4000963
40009676
40009706
4000975
40009803
40009813
4000983
400098
40009735
40009736
40009736
40009728
40009721
4000973
40009738
40009738
4000974
40009759
40009763
4000976
4000974
40009725
40009631
40009559
40009469
40009372
40009374
40009374
40009372
40009375
40009299
40009284
40009303
40009346
4000936
40009427
40009554
40009581
40009603
40009621
40009619
40009635
40009654
40009654
40009661
40009684
40009684
40009676
40009683
4000964
40009583
40009531
40009504
40009475
40009463
40009454
4000944
4000945
40009445
40009489
40009525
40009533
40009561
40009604
40009666
40009691
40009712
40009731
4000975
40009748
40009778
40009802
40009842
40009854
4000991
40009941
40009976
40010026
40010049
40010016
40010009
40009957
40009904
40009851
40009822
40009749
40009665
40009575
40009526
40009483
40009466
40009466
40009466
40009454
40009482
4000955
40009579
40009557
4000954
40009527
40009477
40009464
40009462
40009455
40009454
40009454
4000945
40009545
40009604
40009675
40009701
40009711
40009726
40009709
40009679
40009618
40009596
4000959
40009556
40009549
40009599
40009663
40009758
40009743
40009718
40009692
40009654
40009676
40009676
40009675
40009709
4000974
4000974
40009765
40009628
40009595
40009611
4000962
40009613
40009606
40009613
40009613
40009612
40009625
40009628
40009596
40009589
40009583
40009583
40009582
40009569
40009559
40009559
40009566
40009587
40009601
4000961
40009573
40009554
40009543
40009527
40009536
40009561
40009629
40009767
40009607
40009443
40009399
40009395
40009399
40009407
40009407
40009413
40009432
4000946
40009514
40009565
4000959
40009612
40009606
40009561
40009559
4000959
40009612
40009627
40009614
40009631
40009627
40009628
40009628
40009634
40009649
4000965
40009645
40009646
40009646
40009646
40009675
40009718
40009785
40009837
40009866
40009825
40009781
40009767
40009777
40009798
40009808
40009808
40009804
40009795
40009764
4000976
40009758
40009753
40009755
40009755
40009761
40009779
40009769
40009769
40009768
40009715
40009673
40009603
40009537
40009525
40009568
40009533
40009453
40009469
40009546
40009632
40009714
40009768
40009876
40009989
4000989
40009639
4000947
40009487
40009505
40009512
40009467
40009454
40009441
40009471
40009575
40009545
40009541
40009576
40009698
40009787
40009828
40009843
40009844
40009819
40009778
40009778
40009748
40009686
40009666
40009668
40009632
40009604
40009587
40009569
40009556
40009556
40009552
40009577
40009593
40009607
40009596
40009572
40009531
40009502
40009427
40009374
40009345
40009372
40009403
40009483
40009517
40009528
40009523
40009382
40009409
40009435
40009613
40009717
40009754
40009796
40009828
40009849
40009728
40009726
40009724
40009724
4000972
40009772
40009785
40009782
40009762
40009711
40009704
40009702
40009728
40009769
40009781
40009781
40009797
40009788
40009801
40009805
40009858
40009881
40009869
4000985
40009798
40009754
40009744
4000974
40009709
40009665
4000963
40009626
40009649
40009667
40009669
40009665
40009678
40009671
40009707
40009795
40009803
40009783
4000988
40009975
4001005
40010046
40010038
40010011
40009975
40009897
4000988
40009874
40009854
40009808
40009782
40009763
40009731
40009717
40009706
40009699
40009699
40009695
40009643
40009627
40009612
40009833
40009888
40009966
40009981
4000999
40009995
40009995
40010003
40010059
40010089
40010044
40009931
40009766
40009676
40009695
40009719
40009542
40009356
4000933
40009308
40009232
40009177
40009225
40009338
40009386
40009433
40009442
40009432
40009496
40009581
40009036
40009303
40009352
40009448
40009455
40009454
40009444
40009493
40009494
40009535
40009556
400096
4000962
4000963
40009618
40009627
40009672
40009754
40009784
40009823
40009787
40009686
40009564
40009522
40009549
40009568
40009575
40009809
40009816
40009822
40009827
40009827
40009827
40009838
40009825
40009815
40009816
40009823
40009822
40009814
40009807
40009807
40009801
40009738
40009711
4000972
4000972
40009717
40009731
4000972
40009684
40009734
40009734
40009726
4000967
40009649
40009627
40009628
40009622
40009622
40009623
40009657
40009667
40009674
40009688
40009708
40009708
40009712
40009712
40009455
40009412
40009513
40009601
40009643
40009674
40009696
40009693
400097
40009722
40009715
40009706
40009716
40009728
40009728
40009722
40009744
40009744
40009743
40009762
40009763
40009759
40009759
40009763
40009763
40009764
4000974
40009668
40009594
40009557
40009535
40009524
40009543
40009543
40009533
40009518
40009483
40009489
40009504
40009532
40009552
40009561
40009568
40009568
40009567
40009574
40009574
40009572
40009506
40009448
40009435
40009439
40009437
40009435
40009442
40009442
40009449
40009459
40009486
40009498
40009507
40009505
40009511
40009521
4000951
40009517
40009523
40009523
40009526
40009553
40009554
4000956
40009558
40009555
40009555
40009549
40009522
40009514
40009507
40009507
40009514
40009549
40009593
40009638
40009648
40009649
40009649
40009651
40009632
40009633
40009635
40009629
40009622
40009618
40009616
40009616
40009609
40009586
40009581
40009581
40009574
40009539
40009507
40009506
40009506
40009501
40009502
40009519
40009525
40009525
40009533
40009517
40009503
40009518
40009517
40009519
40009519
40009519
40009528
4000957
4000957
40009576
40009576
40009578
40009554
40009563
40009579
40009611
40009636
40009677
40009726
40009779
40009779
40009784
40009756
40009738
40009757
40009769
40009743
40009722
40009727
40009729
40009729
40009721
40009711
40009647
40009632
40009632
40009633
40009669
40009666
40009669
40009671
40009668
40009668
40009668
40009667
40009644
40009592
4000959
40009609
4000961
4000961
40009618
40009673
40009673
40009679
40009683
40009692
40009696
40009688
40009689
40009694
40009694
40009698
4000974
40009741
40009765
40009774
40009774
40009779
40009801
4000982
40009836
40009845
40009848
40009853
40009853
40009859
40009862
40009862
40009868
40009866
40009864
40009868
40009868
40009872
40009862
40009864
40009869
40009869
40009863
40009854
40009814
40009783
40009785
40009778
40009776
40009776
40009777
40009759
40009712
40009686
40009699
40009699
40009703
40009717
40009713
40009718
40009704
40009702
40009693
40009694
40009688
40009688
4000968
40009665
40009661
4000966
4000966
40009665
4000968
40009695
40009715
40009723
4000973
4000973
40009731
40009718
40009715
40009708
40009711
40009712
40009707
40009707
40009713
40009716
40009722
40009722
40009718
40009714
40009712
40009712
40009718
40009729
40009736
40009743
40009747
40009751
40009751
40009751
40009737
40009734
40009731
4000973
40009728
40009728
40009729
40009736
40009736
40009736
40009745
40009746
40009746
40009748
40009768
40009784
40009793
40009796
40009801
40009801
40009802
40009918
40009942
40009941
40009922
40009911
40009912
4000992
40009926
40009933
40009933
40009929
40009859
40009859
40009852
40009841
4000984
40009841
40009841
40009838
40009746
40009684
40009674
40009685
40009695
40009706
40009708
40009706
40009727
40009747
40009747
40009747
40009749
40009747
40009745
40009739
40009732
40009732
40009735
40009728
40009728
40009725
40009726
40009745
40009798
40009834
40009848
40009866
40009897
4000992
40009921
40009921
40009917
40009908
40009908
40009904
40009818
40009775
40009773
40009776
40009779
40009781
40009781
40009774
40009754
40009743
40009745
40009744
40009744
40009746
40009709
40009691
40009691
40009693
40009684
4000967
40009663
40009664
40009667
40009666
40009669
40009669
40009674
40009683
40009683
40009689
40009714
40009709
40009716
40009721
40009725
4000973
4000973
40009732
40009741
40009752
40009757
40009761
40009764
40009764
40009766
40009766
40009762
40009759
40009757
40009757
40009762
40009757
40009768
40009778
40009787
4000978
40009781
40009772
40009768
40009768
40009771
40009778
40009785
40009793
40009793
40009799
40009815
40009819
40009806
40009773
40009738
40009734
40009731
40009727
40009726
40009725
40009725
40009733
40009733
40009726
4000972
4000972
40009722
40009688
40009676
40009675
40009675
40009675
40009675
4000968
40009713
400097
40009697
40009684
4000969
40009692
40009689
40009687
40009683
40009686
40009686
40009691
40009681
40009681
40009685
40009708
40009719
40009731
40009731
40009731
40009733
40009745
4000975
40009747
40009739
40009739
40009736
4000975
40009778
40009791
40009776
40009762
40009763
40009768
40009773
40009773
40009774
40009786
40009806
40009827
4000987
40009889
40009873
40009842
40009806
40009792
40009795
40009797
40009793
40009796
40009801
40009796
40009788
40009788
40009791
40009796
40009797
40009796
40009796
40009796
400098
40009811
40009821
40009813
40009781
40009768
40009769
40009772
40009768
4000977
4000977
4000977
40009768
40009769
40009769
40009769
40009773
40009777
40009768
40009743
400097
40009693
40009668
40009666
40009666
40009671
40009681
40009681
40009689
400097
4000971
40009714
40009712
40009705
40009706
40009709
40009702
40009698
40009703
40009704
40009698
40009698
40009695
40009693
40009693
40009696
40009705
40009705
40009712
40009723
4000972
40009727
40009726
40009726
40009732
40009703
40009698
40009694
40009696
40009696
40009694
40009692
40009692
40009688
40009678
40009674
40009671
40009666
4000966
4000966
40009662
40009672
40009669
40009659
40009633
40009624
40009622
40009623
40009629
40009629
40009635
40009644
40009642
40009642
40009648
40009645
4000964
4000964
40009648
40009641
40009637
40009631
40009632
40009638
40009646
4000965
4000965
40009653
40009615
40009576
40009556
4000955
40009543
4000954
40009535
40009535
40009538
40009547
40009556
40009556
40009563
40009572
40009572
40009578
40009608
40009638
40009659
40009654
40009649
40009635
40009625
40009631
40009631
40009633
40009625
40009621
40009618
40009618
40009618
40009621
40009611
40009599
40009599
40009592
40009583
40009584
4000958
40009816
40009849
40009879
40009888
40009869
40009865
40009839
40009824
40009805
40009805
400098
40009808
40009759
4000971
40009715
40009698
40009674
40009671
40009676
40009684
40009681
40009681
40009674
40009663
40009657
40009657
40009656
40009683
40009675
40009685
40009642
4000963
40009608
40009594
40009576
40009507
40009514
40009519
40009519
40009525
40009535
40009536
40009544
40009533
40009569
40009564
40009607
40009634
40009582
40009537
40009508
40009507
40009502
40009502
400095
40009519
40009569
40009556
40009531
40009527
40009523
40009516
40009516
40009516
40009547
40009555
4000959
40009569
40009549
40009538
40009538
40009543
40009559
40009604
4000961
4000961
40009609
400096
40009585
40009594
40009573
40009527
4000952
4000952
40009519
40009574
40009626
40009633
40009669
40009699
40009724
40009768
40009799
40009817
40009804
40009814
40009901
40009959
40009932
4000988
40009782
40009748
40009787
40009785
40009782
40009776
40009776
40009768
40009695
4000966
40009603
40009572
40009557
40009526
40009515
40009519
40009526
40009529
40009529
40009534
40009544
4000959
4000963
40009639
40009616
40009592
40009577
40009619
40009638
40009639
40009661
40009661
40009653
40009664
40009674
40009693
40009683
40009636
40009637
40009639
40009639
40009633
40009624
40009632
40009637
40009639
40009647
40009647
40009653
40009665
40009624
40009609
40009609
40009602
40009639
40009685
40009725
40009702
40009702
40009704
40009701
40009696
40009687
4000969
40009703
40009702
40009674
40009653
40009653
40009661
4000967
4000967
40009677
40009711
40009737
40009737
40009739
40009749
40009771
40009777
40009786
40009822
40009843
40009827
40009802
40009773
40009752
40009722
4000972
40009713
40009705
40009705
40009705
40009683
40009664
40009663
40009663
4000966
40009687
40009692
40009707
40009758
40009805
40009873
40009897
40009901
40009919
40009928
40009944
40009963
40009983
40010039
40010102
40010168
4001021
40010247
40010292
40010292
40010293
40010292
40010283
4001025
4001025
40010243
40010038
40009894
40009823
40009817
40009812
40009807
40009808
40009811
40009811
40009805
40009725
40009644
40009617
40009879
40009896
40009881
40009841
40009844
40009821
40009811
40009811
40009807
40009804
40009804
40009803
40009812
40009824
40009877
40009902
40009932
40009932
40009929
40009939
40009763
40009643
40009634
40009689
40009732
4000975
40009731
40009707
40009707
40009705
40009705
40009707
40009716
40009717
40009717
40009716
40009695
40009695
40009695
40009697
40009687
40009681
40009685
40009685
40009685
40009655
40009585
40009585
40009579
40009591
40009615
40009646
40009653
4000965
40009644
40009735
40009737
40009746
40009746
40009751
40009728
40009696
40009702
40009692
40009675
40009677
40009668
40009668
40009674
40009661
40009631
40009591
4000958
40009593
40009603
40009598
40009618
40009648
40009661
40009661
40009664
40009654
40009654
4000966
40009669
40009678
40009688
40009683
40009683
40009684
40009718
40009724
40009721
40009716
40009711
40009711
40009714
40009705
40009705
4000971
40009675
40009606
40009536
40009483
40009462
40009472
40009488
40009546
4000961
40009668
40009742
40009808
40009883
40009965
40009965
40009967
40009952
40009974
40009956
40009926
40009887
4000991
40009876
40009862
40009869
40009872
40009872
40009875
40009912
40009984
40010052
40010108
40010158
40010216
40010237
40010226
40010194
4001014
40010062
40010031
40010021
40010016
40009989
40009952
40009693
40009684
40009684
40009679
40009689
40009698
40009719
40009733
40009695
40009687
40009686
40009686
4000969
40009705
40009705
40009713
40009696
40009698
40009686
40009672
40009676
40009683
40009683
40009689
40009716
40009749
4000977
40009787
40009791
40009777
40009745
40009753
40009753
40009754
40009749
40009747
40009754
40009757
40009763
4000976
40009761
40009761
40009757
40009742
40009732
40009726
40009723
40009723
40009728
40009742
40009745
40009744
40009745
40009753
40009758
40009751
40009746
40009746
40009746
40009756
40009753
40009781
40009794
40009805
40009788
40009779
40009779
40009786
40009801
40009805
40009779
40009761
40009754
40009758
40009758
40009764
40009768
40009767
40009767
40009762
40009741
40009726
40009744
4000977
40009797
4000978
40009764
40009763
40009762
40009755
4000975
4000975
40009747
40009747
40009751
40009761
40009725
40009718
40009718
4000971
40009709
40009711
40009717
40009719
4000972
40009722
40009722
40009726
40009752
40009754
40009754
40009752
40009752
40009729
40009725
40009717
40009717
40009709
400097
40009694
40009694
40009693
40009703
40009707
40009709
40009709
40009933
40009989
40010015
40009996
40009975
40009975
40009976
40009982
40010002
40010028
40010028
40010035
40010043
40010024
4001002
40010014
40010031
40010057
40010118
40010175
40010208
40010224
40010203
40010211
40010216
40010214
40010213
40010215
40010215
40010214
40010035
40009986
40009989
40009994
40009994
40009992
40009982
40009898
40009898
40009892
40009822
40009788
4000978
4000978
4000978
40009779
40009799
40009824
40009829
40009829
40009831
40009814
40009814
40009818
40009827
40009804
40009793
40009794
40009775
40009778
40009777
40009766
40009789
40009803
40009828
40009857
40009892
40009903
40009884
40009883
40009877
40009873
40009873
4000987
4000986
40009832
40009823
40009826
40009826
40009834
4000984
40009842
4000985
40009858
40009865
40009863
40009863
40009857
40009855
40009845
40009855
40009859
40009859
40009855
40009847
40009812
40009812
40009809
40009785
40009753
40009756
40009756
40009748
40009721
40009843
40009858
40009877
40009893
40009893
40009895
40009893
40009872
40009841
40009825
40009816
40009814
40009814
40009817
40009808
40009796
40009792
40009792
40009789
4000979
40009773
40009768
40009765
4000978
40009778
40009793
40009793
40009799
40009801
40009796
40009796
40009788
40009778
4000977
4000977
40009775
40009776
4000976
40009728
40009693
40009692
40009729
40009735
40009738
40009756
4000979
40009811
40009822
40009823
40009827
40009836
40009829
4000983
4000984
40009833
40009851
40009881
400099
40009919
40010002
40010081
40010147
40010174
40010167
4001011
4001011
40010105
40010115
4001012
40010121
40010118
40010114
40010116
40010116
40010124
40010038
40009936
40009886
40009862
40009863
40009863
40009866
40009879
40009855
40009842
40009829
40009789
40009778
40009778
40009784
40009787
40009802
40009815
40009815
4000982
40009832
40009832
40009848
40009889
40009922
40009927
40009929
40009919
40009923
40009875
40009844
40009843
40009843
40009841
40009826
40009805
40009805
40009803
40009798
40009761
40009728
40009722
40009726
40009726
40009727
40009777
40009796
40009823
4000983
40009843
40009852
40009855
40009861
40009867
40009867
40009867
40009858
40009853
40009853
40009861
40009853
40009835
40009811
40009811
40009804
40009751
40009656
40009599
40009603
40009603
40009606
40009616
40009628
40009621
40009626
40009628
40009628
40009635
40009656
40009679
40009679
40009681
40009651
40009651
4000965
40009661
40009677
40009682
40009688
40009688
40009692
40009702
40009709
40009709
40009701
40009673
40009633
40009645
40009645
40009642
40009642
4000965
40009606
400096
40009602
40009603
40009603
40009606
4000963
40009625
40009658
40009706
40009742
40009723
40009722
40009717
40009717
4000972
40009698
40009654
4000966
4000966
40009664
40009672
40009702
40009683
40009731
40009737
40009698
40009698
40009702
40009714
40009733
40009732
40009708
40009668
40009643
40009579
40009485
40009561
40009651
40009656
4000967
4000969
40009733
40009742
4000974
40009734
40009724
4000972
40009724
4000972
40009719
4000972
4000972
40009714
40009665
4000962
40009586
4000958
4000958
40009572
40009491
40009477
40009507
40009516
40009534
40009535
40009535
40009531
40009541
40009545
40009587
40009649
40009898
40009913
40009918
40009922
40009922
40009926
40009917
40009917
40009918
40009886
4000989
40009892
40009896
40009891
40009888
40009886
40009883
40009885
4000989
40009893
40009899
40009899
400099
40009842
40009809
40009787
4000979
40009794
40009794
40009801
40009811
40009813
40009813
40009809
4000977
40009735
40009743
40009753
40009765
40009765
40009788
40009776
40009772
40009798
40009822
40009826
40009826
40009833
40009863
40009885
40009908
40009921
40009921
40009925
40009958
40009986
40009991
40009973
40009953
40009932
40009932
4000993
40009929
40009929
40009936
40009916
40009922
40009962
40009989
40010028
40010014
40010003
40010003
40009999
40009998
40010001
40010007
40010019
40010012
40010023
40010036
40010026
40010033
40010043
40010068
40010066
40010066
40010058
40010059
40010047
40010029
40010026
40010026
40010028
40010039
40010056
40010063
40010063
40010061
40010017
40009916
40009834
40009798
40009809
40009794
40009741
40009661
40009669
40009728
40009748
4000976
40009809
40009835
40009887
40009966
40010049
4001008
40010054
40010032
40010036
40010043
40010041
40010041
40010042
40010009
40009989
40009957
40009882
40009809
40009719
40009621
4000953
40009496
40009564
40009614
40009678
40009735
40009772
40009805
40009805
40009811
40009811
40009815
40009804
40009806
40009806
40009807
40009803
40009803
40009804
400098
40009762
40009766
40009766
40009768
40009765
4000976
4000976
4000976
40009772
40009776
40009776
40009779
40009779
40009786
40009799
40009814
40009812
40009816
40009821
40009826
4000982
40009815
4000981
40009818
40009821
40009818
40009811
40009804
40009798
400098
40009798
40009799
40009795
40009795
40009799
40009788
40009761
40009761
40009767
40009776
40009776
40009783
40009785
40009789
40009805
40009831
40009817
40009792
40009769
40009771
40009772
40009772
40009769
40009761
40009761
40009753
40009744
40009742
40009745
40009739
40009738
40009738
40009741
40009743
40009747
40009747
40009741
40009732
4000973
4000973
40009724
400097
40009701
40009701
40009703
40009692
40009681
40009678
40009676
40009676
40009684
40009686
40009692
40009693
40009699
40009699
40009701
40009692
40009697
40009703
40009708
40009709
40009714
40009716
40009716
40009712
40009702
40009702
40009698
40009701
40009699
40009695
40009694
40009815
40009824
40009811
40009813
40009823
40009801
40009791
40009796
40009797
40009799
40009806
40009809
40009809
40009804
40009772
40009767
40009767
40009759
40009748
40009741
40009741
40009742
40009751
40009754
40009756
40009757
40009757
40009758
40009748
40009742
40009742
40009736
40009741
40009742
40009742
40009746
40009733
40009718
40009716
40009718
40009721
40009728
40009728
40009731
40009717
40009711
400097
40009695
40009695
40009699
40009721
40009729
40009736
40009734
40009733
40009734
40009735
40009743
40009747
4000975
40009754
40009754
40009756
40009768
40009784
40009776
40009776
40009777
40009769
40009769
40009761
40009759
40009777
40009772
4000974
40009739
4000973
40009727
40009727
40009723
40009711
40009718
40009724
40009724
40009724
40009746
4000979
40009826
40009826
40009823
40009836
40009816
40009816
40009813
40009793
40009767
40009773
40009773
40009772
40009763
40009751
40009751
40009754
40009783
40009811
40009852
40009881
40009898
40009914
40009882
40009866
40009866
40009867
40009868
40009866
40009853
40009831
40009804
40009761
40009759
40009759
40009764
40009746
40009673
40009634
40009633
40009634
40009634
4000963
4000963
40009867
40009918
4000996
40009975
40009969
4000997
40009942
40009921
40009889
40009847
40009834
40009845
40009858
40009884
4000994
40009978
40009983
40009964
40009973
40009888
4000986
40009822
40009815
40009815
40009808
40009799
40009797
40009797
40009804
40009799
40009794
40009806
40009844
40009835
40009827
40009823
40009824
40009824
40009824
40009828
40009846
40009854
40009845
40009822
40009802
40009801
40009801
40009801
40009798
40009789
40009778
4000977
40009776
40009779
40009779
40009777
40009743
40009721
4000972
4000972
40009719
40009674
4000962
40009612
40009626
40009653
40009697
40009723
4000979
40009869
40009953
40009992
40009992
40009997
40009961
40009954
40009954
40009948
40009957
40009957
40009956
40009935
40009884
40009884
40009881
40009862
40009817
40009801
40009801
40009804
40009779
40009686
40009618
40009583
4000955
40009528
40009516
40009515
40009515
40009515
40009518
40009547
40009569
40009605
40009644
40009677
4000971
40009725
40009716
40009712
40009704
40009703
40009707
40009705
4000971
4000971
40009718
40009724
4000973
40009706
40009695
40009695
40009702
40009698
40009698
40009703
40009713
4000972
40009727
40009734
40009739
40009739
40009744
40009741
40009701
40009683
40009674
40009671
40009671
40009678
40009678
40009673
40009672
40009669
40009677
4000968
40009686
40009931
40009953
40009968
4000998
40009963
40009966
40009918
40009908
4000989
40009855
4000984
40009833
40009825
40009825
40009827
40009811
40009807
40009809
40009804
40009796
4000979
40009782
40009785
40009784
40009788
40009788
40009792
40009753
40009729
40009724
40009726
40009728
40009725
40009717
40009717
40009716
40009708
40009707
40009708
40009714
40009714
40009714
40009686
40009678
40009678
40009669
40009669
40009672
40009672
40009674
40009674
40009676
4000968
40009699
40009707
40009698
4000968
40009669
40009667
40009667
40009665
40009672
40009646
40009632
40009627
40009633
40009633
40009637
40009697
40009755
40009802
40009799
40009781
40009782
40009781
40009774
4000977
4000977
40009776
40009748
40009723
40009723
40009729
40009738
40009738
40009745
40009754
4000974
40009711
40009704
40009704
40009709
4000968
40009658
40009654
40009654
40009662
40009702
4000969
40009681
40009681
40009686
40009713
40009735
4000973
40009735
40009735
40009743
40009781
40009763
40009763
40009766
40009748
40009737
40009732
40009732
40009734
40009747
40009761
40009761
40009766
40009778
40009776
40009765
40009756
40009728
40009729
40009685
40009685
40009683
40009692
40009714
40009725
40009725
40009718
40009694
40009695
40009696
40009696
40009698
40009689
40009671
40009667
40009661
40009661
40009661
40009665
40009655
4000966
40009659
40009666
40009673
40009675
40009675
40009675
40009684
40009684
40009678
40009664
40009664
40009671
40009672
40009679
40009681
40009686
40009679
40009679
40009679
40009685
40009661
40009647
40009655
40009656
40009656
40009658
40009649
40009631
40009631
40009637
40009622
40009614
40009615
40009619
40009624
40009631
40009631
40009638
40009658
40009674
40009677
40009671
40009668
40009637
40009639
40009669
40009686
40009686
40009682
40009671
40009676
40009677
40009677
40009683
4000969
40009697
40009704
40009702
40009698
40009696
40009696
40009691
40009701
40009725
4000972
40009718
40009716
40009715
40009721
40009727
40009727
40009732
40009742
40009762
40009765
40009765
40009767
40009757
40009754
40009746
40009738
40009738
40009745
40009776
40009801
40009812
40009812
40009819
4000983
40009787
40009788
40009784
4000978
4000978
40009779
40009783
40009783
40009781
40009781
40009781
40009782
40009796
40009798
40009814
40009821
40009814
40009811
40009811
40009808
40009798
40009789
40009968
40009999
40009999
4001
40010014
40010013
40010026
40010041
40010047
40010047
40010049
40010074
40010109
40010095
40010095
40010098
40010098
40010099
40010088
40010075
40010073
40010081
4001008
4001008
4001008
40010087
40010105
4001013
4001013
40010133
4001011
40010092
4001009
40010096
40010096
40010092
40010103
40010061
40010009
40009994
40009927
40009927
40009924
40009913
40009912
40008261
40008341
40008339
40008321
40008331
40008303
40008269
4000824
40008205
40008166
40008144
40008111
40008081
4000804
40007986
40007957
40007957
40007965
40007956
40007942
40007946
40007953
40007896
40007856
40007807
40007787
40007787
40007784
40007775
40007777
40007777
40007771
40007769
40007771
40007771
40007769
40007769
4000777
40007771
4000777
40007768
40007765
40007767
40007765
40007765
40007765
40007763
40007753
40007755
40007753
40007753
40007754
40007765
40007784
40007784
4000778
40007778
40007779
