504557
15216
520662
404269
466203
141851
6112
466801
592990
200327
674655
216174
155328
994801
685107
842895
343041
993670
881553
164315
201185
545937
291236
800658
876045
585918
120345
637167
259808
742011
603008
863000
561009
904768
733611
657325
626339
94946
637178
517730
120188
487161
426432
472005
4643
876193
162334
231835
569229
164786
941759
791488
606948
870229
650690
579622
339313
51423
599215
193453
942440
500559
283994
171286
617491
127950
570125
888449
849633
516129
442737
453336
959672
202666
980628
892508
39923
476563
678780
157871
248608
993030
504923
862750
981182
626449
832155
317582
711556
496987
621644
976018
658455
109049
963029
408879
207775
397225
382290
712884
194387
132394
574330
5364
929990
528978
307030
29560
682262
71
13609
576407
894949
623884
27436
933482
766191
40312
75559
973329
231833
954923
575921
741522
238902
891587
346537
374728
762848
925026
888257
106481
734777
811373
479109
680712
925030
698225
768108
63674
29766
817644
877443
551750
562994
33483
817467
429049
152182
139256
472354
890108
340145
884323
625753
541468
381881
497045
996968
855730
175623
884383
834680
102860
532312
899260
701299
273133
254701
404234
776661
433057
187082
361345
763553
778272
222157
731504
815248
194248
651645
284113
512100
536983
674180
209247
110599
662027
839560
815908
961461
317508
122305
826520
515025
778585
174314
529683
905622
973184
29456
458139
559525
593127
486098
758136
48713
875748
942238
809892
914614
830649
259082
616104
128925
200298
498789
804691
922955
268176
848257
654863
372573
609745
288650
92162
218522
711104
508617
903259
529954
594644
180883
58139
546112
462232
745581
758242
84471
940113
224911
596692
863039
81073
381379
715397
210571
328503
123397
59573
380319
604429
504815
243396
835779
19798
463866
68814
53488
465707
797259
612080
104460
991675
600148
599670
196511
627320
199482
106903
390069
571883
184236
877714
110439
409461
501516
396966
755294
827073
641150
332023
148116
159386
200531
609128
492507
340872
502424
812251
293781
962740
658923
416392
644441
370460
98004
62723
750404
717302
760679
877240
391287
864006
835941
649287
384474
738876
20408
644015
454354
636804
211492
333676
435305
90357
705391
192652
277474
288478
227497
735980
470146
688337
393359
140202
228165
87572
741656
124572
230556
499379
471885
802000
334949
681874
791221
290863
548105
829399
313612
49212
700375
632205
256977
183759
18428
130316
383851
849623
444045
857442
535811
998419
688173
489415
613056
389577
685425
639336
494683
738652
848624
254061
366002
418423
638331
717762
133318
453710
813163
666165
77133
133990
317281
210749
537023
688708
316366
51431
690433
647833
209883
212200
110634
550539
913660
878681
812390
537872
434062
582402
567320
364842
813524
169638
958132
878478
895742
763429
958115
369440
162171
820277
740120
27644
642101
165230
691381
254555
404519
277414
574860
940551
78146
814159
780667
325724
188080
849908
577524
348650
19720
422828
736306
295407
394133
681859
739529
350225
949511
90145
393497
763638
163170
79372
314651
469001
661859
172980
290062
728354
561198
607957
315003
790352
537957
674823
413072
127099
811454
203215
881800
87532
692575
732872
301075
113836
458545
351551
81229
306554
581137
639892
505253
670830
992801
458575
756909
834399
687325
679198
649479
279878
271944
906986
851876
817189
218414
882988
118912
583079
751837
973125
503357
86740
94783
680777
46526
175344
749153
57951
917103
331038
674357
545968
348226
521039
333893
814073
98948
414217
7857
989619
784535
582855
655058
495494
737935
619472
458900
628222
807721
466870
836691
737118
9754
872565
836412
862292
805133
812768
115794
285480
651582
218668
72362
501782
977998
16690
481314
59601
906348
604735
601601
461316
163930
221469
11553
26706
920433
730395
406913
683392
683979
899208
911894
582468
790830
782530
849087
730165
988628
453126
77220
244725
883827
704703
351444
829556
867343
244096
285316
59556
839963
496529
308278
124840
416428
322409
203821
65807
990072
369253
495190
716983
537237
470543
338119
27573
806540
34481
665122
66375
904034
570577
674133
123864
430559
451402
918287
989697
912703
130801
969643
198999
395553
378198
575837
441470
25325
819680
640226
633506
672210
839515
964874
656966
418629
875962
121353
972070
753557
470376
696367
15350
298767
476032
317028
544802
54330
181370
912682
197593
956435
174497
528144
798
80522
7141
632693
825332
381383
648454
643903
935677
5376
499388
138455
365958
814539
766055
603294
638445
20841
974490
698034
492907
764084
461677
814630
816251
82960
550284
359902
555087
232575
480799
736641
493658
472519
906650
789324
856107
416467
979192
353492
56817
21828
305139
442267
812430
503157
184523
970879
97919
545462
862322
343246
341682
34099
374641
434122
280511
660412
573738
387485
844844
291385
480100
76804
664292
344660
430051
646963
367617
410650
195809
193067
358097
337421
852906
67747
701205
389687
851227
362685
787841
383406
314432
982565
454790
884157
842076
734459
901713
481337
533962
395684
728421
106403
138277
312281
660478
191114
295676
880140
597503
565018
691602
578015
876217
651024
141258
900758
859507
727954
846978
683482
576347
884126
669965
958732
719974
146763
591887
653994
688243
9054
218667
440322
51735
401285
698479
643332
930258
300803
851883
518826
731263
710936
372215
856597
389853
42241
758258
571174
341298
654145
736272
941642
744533
802576
913106
698901
857968
178876
424869
259670
60639
362201
195255
198819
739212
233153
435268
699223
741521
157464
960880
285925
62904
711026
754388
635462
486928
808193
159771
215024
657670
180962
573263
590690
145393
718500
537722
214083
81368
965258
171494
936038
275674
536819
972666
815626
795341
906725
50840
405120
156230
461835
20126
767868
68447
996606
956724
563350
225454
617079
75770
541912
614519
392912
345682
60745
761766
874693
530949
598068
610717
302674
337111
865332
166396
408105
124578
108315
117421
959954
972600
983250
348033
998698
565531
418045
911042
389326
804747
91240
424705
682320
489389
985468
535273
805493
857492
442074
367050
211511
179448
230069
196074
953678
361287
947379
493869
919609
892755
579098
674709
591458
255814
458051
819018
570537
49219
763860
599426
614779
716981
357188
68461
68484
40476
85100
979913
740533
864493
25037
584934
931380
105611
976855
755326
955219
417564
455058
614864
200091
159242
231483
461743
196447
54122
258596
33846
331574
754607
817108
985520
285809
816312
788614
79587
350775
223897
98778
664038
420920
981654
622166
718381
667023
126445
357581
165969
452341
790368
796091
242754
349317
454204
266371
299590
751946
65624
769506
953040
558900
775032
391475
341346
873787
674379
458775
576679
184313
456826
328597
133227
118483
473413
5611
755639
809204
231391
338129
618135
20220
14314
714397
561355
485029
258628
64791
818758
347516
28317
534633
946643
8988
240702
30875
367584
668082
947741
234692
761537
634485
348301
47891
526444
984262
683
645241
701007
253187
493837
865636
158086
696276
331680
819770
876472
273340
9146
494559
364029
565269
302128
409239
88532
637315
90702
363385
262959
464511
91579
49758
214725
268578
911763
733624
131731
968931
843342
895594
786115
526706
64552
995525
792959
982119
578770
75610
620398
387315
694240
540598
228964
523887
389274
883439
905111
829344
908311
29040
669759
982481
298677
523296
636442
638483
498348
529816
993965
351616
375915
112985
191475
151660
61825
536745
637973
815091
908941
985500
931107
115468
263561
814670
960829
253419
652235
243138
912142
550134
634370
551719
754193
900098
330422
149315
254978
746689
154682
201772
203888
432862
648252
221486
796536
424309
617518
622496
920887
879629
722531
293313
213904
453952
628630
796263
328183
178608
377545
87241
716966
79304
84985
340380
681366
654981
869596
980197
161998
829334
145917
617328
90700
317488
182401
98028
625006
540201
264320
540166
806925
110719
210944
937682
426280
682157
439647
26904
210900
80967
481698
978852
353374
479615
902763
560407
40106
826043
209691
213087
944895
122561
14266
89397
207433
343099
874455
961898
430192
545099
478931
79257
525447
574182
996635
334995
604206
570005
46195
443122
671342
539905
821878
82237
589346
872922
386375
171286
439909
317965
169509
789728
208971
945927
691793
171550
367876
598488
112615
694354
234600
556639
47934
249523
539094
205540
276250
694246
222637
31663
49046
810827
947973
371098
371286
489296
615444
857231
642678
834400
391218
645153
159278
83976
322703
287606
667188
536880
587298
124683
518729
570136
602047
996985
219100
221091
940663
777727
207678
512421
19967
818433
183856
668851
74625
543904
554817
828283
187586
583137
765136
913164
765343
907377
509064
862280
163823
743657
836305
124904
408211
168900
387525
252589
12539
985219
45875
930803
225974
208868
318743
916732
693687
769072
277470
336904
607196
207030
115818
191536
520971
193359
186820
491258
759706
568389
133701
479828
495980
811086
221687
371762
685430
84129
193838
533686
302665
666728
961814
873533
479463
691410
530312
631396
800479
99289
91608
654691
198509
526739
439691
456464
749369
366155
96707
890718
405715
148743
164004
757164
420225
682966
449847
745434
311675
911131
945538
152665
579248
405825
733186
819230
861759
87321
201056
384249
824037
656175
17177
600432
539601
188808
593588
666537
691076
110846
623036
134115
841487
499072
136510
203477
864583
915855
171538
30762
883976
13565
493419
767060
643016
730359
530529
973933
583987
255635
490109
48916
928814
248802
359443
48060
38168
824030
563955
990535
995241
296701
5981
610100
386177
876576
75504
846348
222434
451269
165777
623504
644110
803030
168326
705854
996534
732072
378380
511012
591573
498071
482389
893310
510988
54752
29341
736822
789447
430963
506153
667800
224336
359948
426395
979527
860670
898473
504064
815680
547484
64963
831372
759166
174346
220737
930732
282518
769652
181945
205443
879888
697752
492493
816816
897188
361371
954832
11150
565037
913752
314729
525435
642743
354018
262640
119835
877444
487875
742648
680392
830077
823555
318254
991681
713882
589728
753588
847531
334678
821710
582778
865445
743966
611587
973954
521689
176037
107016
906703
124789
207278
112439
23055
470003
37362
98123
666643
332179
374177
853882
336775
430179
622913
827955
715154
12887
903081
78151
503396
562810
879169
687267
566264
684427
66555
267700
126065
241967
955523
301786
987200
305494
648210
146043
761360
810921
831514
688056
248483
227035
195262
708218
387138
870734
826355
106670
472553
235513
63182
47989
531007
577327
586203
180082
560807
978718
678010
531997
497467
932704
392751
795617
807068
215110
817837
456823
805093
978603
492185
551312
932819
190215
218978
343472
99413
657159
54055
469140
533212
719431
664586
438511
253559
77461
665443
470121
803825
99347
805337
283119
517611
611384
170609
752727
38887
262
439415
750491
502110
415654
255027
333393
7763
827026
177230
36015
369163
157295
71818
594848
636292
302126
555696
230347
894650
17378
163688
152316
328292
965641
861041
906883
945143
872420
383421
948539
835920
678648
164284
277849
568814
827306
317898
374363
862339
652607
745032
770089
552784
741198
944435
789002
75206
525955
245736
600246
246639
269160
340946
380847
108780
162254
157435
55441
100615
349545
121161
123044
104627
894196
622845
446109
124315
925679
131151
10281
87284
845593
685338
726492
967672
777391
196472
183525
624010
804656
455592
386877
782357
63157
643637
995182
700229
488388
139180
374943
402283
273869
419506
279377
372132
633859
317961
241119
536865
260653
303440
884792
975983
213326
85974
943632
491333
928654
245758
716641
632601
532848
344455
978935
634455
866804
15176
711630
73212
477947
282295
979412
167728
312832
982435
964825
581345
350277
175524
497767
415811
433573
493269
48580
758752
109390
948420
780180
482221
117586
739302
928265
216465
768293
893490
662275
109150
775648
211195
269665
460446
519872
585396
967110
829583
801314
48160
423056
73520
120055
640920
833304
415827
619540
768058
31993
422755
710691
905688
179581
207017
754702
384415
200488
652238
79139
594795
426356
771621
676354
341130
680758
399784
430919
245909
609137
898566
142649
176125
839793
942997
59922
914170
576836
260659
806055
170962
187027
857771
283856
995556
440181
256129
117797
200767
147384
423302
371429
667908
600228
250797
884917
673451
431966
195951
36118
521002
506519
674124
897799
843816
385677
60856
519013
212473
287737
579144
858750
718191
150463
217079
107702
748397
46198
651145
586361
823150
486880
397201
844586
729578
58798
60298
741844
445271
162555
171275
238668
588502
641506
442892
785420
483143
871105
989272
270017
60422
825727
849753
377458
456088
465392
382222
532994
552355
967312
717997
953248
743666
283969
171600
408672
398598
703169
657265
460560
491083
72861
853649
134520
185026
693882
276744
999593
326643
753744
83266
587461
274118
417381
786904
823882
615221
768375
827861
179781
296130
834105
689085
72895
160122
268993
589051
340623
798408
474245
35837
191766
394381
139685
360991
616392
318096
769984
281677
512455
582250
202513
409171
880351
454457
385292
280294
958095
713217
245993
35017
753535
696605
841113
219607
142312
23370
860251
827803
365244
142740
269899
484535
600531
495407
878944
796940
985470
125965
100215
668278
361488
491881
477265
479992
619447
26326
318172
739009
546641
828611
657042
711921
554352
533568
859235
484356
837096
431327
187678
327932
827199
626556
247437
433778
696335
866286
247830
324543
52548
848440
371788
458527
810204
311092
957406
177964
892911
934960
348107
581146
823977
304949
476101
711221
975468
458301
831242
151706
969232
666448
154365
590008
509748
844516
622088
504305
397838
623783
538746
214186
728355
982401
177948
310179
900992
24551
412231
86535
145571
814211
461240
17214
336499
70400
306258
125319
768824
783251
339660
679088
666422
505897
239642
957067
433482
699731
850814
53242
54618
801952
598243
606508
214304
622322
620932
273989
659368
19584
957211
417017
731564
330485
915627
571559
947426
980115
820708
707558
373955
290055
939240
226143
406696
249147
710488
750645
820311
136564
719646
476561
888617
969904
926227
286561
608447
726498
475906
668510
356877
532536
214963
937177
465600
591078
136998
342047
742749
700096
862501
360535
939932
574176
883799
852360
93040
18285
574526
797606
926441
956209
482821
46190
318557
927963
915179
617461
846
827256
990144
665234
54901
90191
236197
494495
24600
506191
166214
553281
690553
95331
258174
950281
855114
889368
210668
776903
723819
183260
422835
385024
262606
11805
683474
355520
759579
222952
932637
966768
169146
111382
317172
584313
466621
576038
625342
911865
495956
918840
769615
774090
460908
307418
197023
335538
562463
454762
589489
959913
733217
652315
125344
642874
572299
375351
211100
521553
231840
630863
654697
292378
208071
352038
30668
196613
136880
958066
722633
662948
72663
651444
471553
984027
813613
151456
916759
500930
882674
409786
899127
190505
186466
324370
305050
317761
530744
439640
559092
328953
518336
495646
168766
332133
166613
729383
791821
143854
162209
48916
249903
253484
43079
209311
694351
267153
480024
831937
695810
127220
30351
83691
420938
125736
571100
740102
146310
863474
53372
991994
578548
130741
94677
627892
401344
397430
767154
132186
651935
291086
451247
964574
420320
974758
890549
548801
931417
910336
501733
866898
448008
43456
249016
542430
56142
651276
442980
116956
166963
107568
29043
778527
172636
801886
534099
948641
685556
141076
984273
718657
768022
863743
154823
541393
993322
881500
21163
391381
101787
91814
766833
405075
68414
264215
583654
339125
900558
304033
668368
842365
584027
123775
736769
336705
450254
412536
387926
693072
764707
521627
260989
439747
160606
813533
228934
81187
275014
549473
971380
157867
160336
900299
3021
862313
678033
19722
235083
23399
472935
646000
928261
17393
791218
235938
798176
95932
672229
287665
837755
433323
935593
408461
732691
969685
551532
709420
426892
462136
100757
168471
910772
448554
629910
610830
746306
173487
841668
519584
644389
594794
263660
848551
596261
532597
393056
672276
220975
598431
841817
45340
415608
105691
35334
124360
311003
450979
317993
116927
90855
540761
763211
304012
624654
106527
389122
180163
951542
67171
92158
486881
85156
900549
455556
42444
27233
861308
832283
351182
904180
914157
495238
465909
458807
375468
160470
184310
478832
202147
119048
132033
891034
586221
885580
586945
124822
345372
641582
998929
97066
918820
983267
944383
504269
125467
965042
804300
441478
755121
166367
391336
382311
842503
136523
80817
706796
524648
229556
675308
908352
276919
564363
921900
882780
302173
351308
997743
888677
15553
473776
863306
783174
145200
819443
549123
389023
781646
99904
334762
182691
508822
215331
197860
512862
197035
316890
925329
558707
640277
167041
536399
197678
393668
110943
309179
252355
510458
956976
634222
874455
342704
372386
758977
9681
103337
543734
401095
364292
642292
574428
847141
15955
461013
636154
272788
217759
951026
543420
344397
917370
288674
560148
664714
541477
790312
372596
511165
195076
903847
380646
629436
646352
286082
848767
346092
243839
567704
339580
289307
853011
878897
252120
499758
392004
434170
739001
601577
982563
355012
684280
999423
397551
119790
937023
884733
1747
523440
286875
330018
926641
423609
243917
331001
238759
553925
615345
664019
833831
267429
168751
893455
837214
402008
505309
797744
566520
77409
119030
763928
595176
544647
129241
409665
935658
920441
814393
780552
231057
433919
213248
460830
567834
224649
378420
815598
796867
90981
276689
685100
657110
927752
245169
52461
385891
71849
487343
909052
981711
741184
252025
176155
827297
46591
705737
694550
282152
931174
662494
798885
55455
815721
259269
324771
50908
302463
445020
775896
215902
630449
609507
532693
40345
371487
889372
322128
172395
557043
577139
301927
243914
884182
276100
502367
836869
256187
535726
850619
6444
797021
454508
252053
953817
232714
611958
538572
566357
78159
53970
928170
149233
458572
394296
918725
62185
643250
726362
673657
684670
100176
477356
481590
400483
382662
144738
567685
957780
887167
944083
303378
791989
226376
614764
147220
26880
298205
689680
316589
253343
385801
311764
458823
607602
58656
835928
467521
16632
304669
375103
36780
54527
931476
188410
85369
516199
371988
224901
810277
766057
800659
159805
882800
206860
839252
736453
841615
936720
898428
3250
620201
838038
677316
868944
621112
853219
560241
387898
74155
296249
567384
481389
946762
542746
922824
117602
929054
771466
990604
562964
383943
903815
954217
439247
73703
394033
94174
920610
79491
76391
675275
763023
647294
404605
703725
876099
630276
810998
512186
831999
778574
398960
115518
94371
406513
606224
667379
508611
893198
8030
285700
114227
317996
475697
545151
241161
356306
200139
441450
143603
299586
340034
100994
380707
32080
410100
6437
440833
338359
922646
979421
761652
674231
910197
432436
534456
74567
139444
651544
561574
464134
351988
836331
751262
623700
351567
347882
231274
599649
557440
184575
134895
916807
826642
182618
198681
51499
91512
292368
474415
725959
443888
482104
172676
592013
608628
224478
160354
75680
334998
297034
318051
3951
99310
167710
532320
643514
708198
356595
746168
174679
7758
457013
246307
244921
699775
276858
928515
986448
79720
100618
668892
581145
592065
776947
642711
151665
473242
237977
405514
989288
644426
650798
755075
527176
382157
845972
526074
494882
551206
918419
160694
157233
479635
833111
868561
948977
906959
719732
428496
341604
109098
908480
160399
587813
840342
851449
988569
959006
369511
358264
343192
238077
950608
56026
162566
391415
949717
808601
192940
719835
846493
356902
714699
102655
59446
239394
357816
249716
462518
752158
486379
294080
341525
566002
470922
82710
951308
463791
475256
578149
155402
953936
594914
950937
766474
286031
211361
50207
803822
930829
322719
547630
150421
975022
243273
502822
534247
425993
546492
509732
701092
482285
793119
222658
749048
540382
62259
629399
527684
266150
206409
205013
503477
95627
656574
263002
126773
733205
786091
534834
949101
901703
195314
326213
442003
66976
366317
333307
113570
590450
134586
571613
168592
143786
921833
95862
73956
118421
205437
890383
79911
918167
918407
708333
439340
57041
567922
164083
98651
134835
619663
35338
886906
669617
38781
640716
861323
383523
63136
801446
737948
265155
739264
551824
780341
798379
90249
199612
995502
863302
17824
760674
907362
450326
881896
816462
781174
986981
73694
154698
948285
761528
544615
284503
927267
271520
969451
45265
131468
458099
706338
555047
121899
357167
454460
942086
209145
334327
335893
168212
281524
992427
593700
762531
533417
506509
873494
42177
851110
567141
17123
635473
370837
623968
546064
559539
578131
861081
155370
963343
997705
15974
517771
684498
902137
266660
809749
499988
170061
983159
993243
762428
72740
46583
635521
294125
472681
354947
180908
493777
902705
359403
891597
400663
450464
771782
135013
931227
863625
861534
758337
682951
757650
725701
446762
815018
446236
231758
350219
2595
750085
613864
620624
580389
373923
35676
919639
28390
107548
778338
159722
683679
412747
398390
995194
494531
609636
981261
782776
56780
534602
57980
395245
668321
401191
515091
433396
622308
433024
936991
319118
974295
190040
26816
747593
404580
900246
320270
262725
239791
785919
732384
860608
889804
52164
695523
224873
690345
399517
535165
786743
849656
430214
629377
785510
855439
656413
155490
723592
326848
871434
607639
628513
463126
748392
914168
479542
111171
834027
451210
618635
244276
583760
883483
689699
995977
187761
988329
29042
184239
131660
20898
678773
656072
139268
786462
214327
671610
311756
40080
495218
500587
113075
923208
80704
13365
498752
597464
959794
585920
381129
708060
268987
322654
362813
470330
620897
811094
767061
734771
73761
59698
461757
591263
138923
308500
812608
275387
477998
705339
962689
674973
906516
111785
599778
527776
951666
649587
690816
209749
762924
239419
163762
706597
884684
720154
826661
452194
478336
348827
918982
500813
956345
929890
370197
354574
822309
611850
238271
376287
15585
63250
923617
327342
677550
770748
752838
766986
232740
19971
81986
580876
34570
84420
79442
742144
718135
92404
501423
499589
770771
734075
567106
37511
595595
832130
354196
79379
246791
299120
586189
952538
967146
784819
601299
941840
538470
473207
78748
947909
789853
32601
758438
381805
636472
819999
292852
461451
444437
27600
714819
308624
40637
477461
907293
232841
780431
263203
757230
102512
149307
456760
526649
402462
529286
536655
552003
140047
988811
470604
750135
529033
32982
688001
556352
713120
593490
107293
841861
936911
392248
163087
388866
831750
839030
265586
712381
827050
913645
22306
199024
625763
792024
234484
314801
698733
52301
401584
481665
117724
256581
415508
662159
759152
762155
441661
861611
508020
286864
741091
302439
180331
794116
230130
460434
610183
659849
896809
316236
928746
284563
713343
698364
660381
329626
691303
915434
737715
730630
243786
485298
551081
457406
411944
853144
505866
783195
688807
972653
416544
282445
457486
623240
318533
834008
619112
115435
689229
18373
955297
535884
331509
92328
980851
859453
286193
126444
889007
56779
887494
331394
390738
118391
771348
212966
933354
252663
421470
810990
853159
545279
467255
757171
377877
537575
875013
380795
94901
910386
227772
7493
704602
791493
112753
109085
516280
714097
669562
579200
640362
250610
845866
442259
335702
818566
688876
283971
52969
534344
39479
698023
931426
860142
284160
449512
385549
441550
602425
518927
958655
559083
394687
479873
385999
942443
959089
353294
612898
182934
358944
408100
912264
333847
512001
497875
646024
603720
356029
588435
134318
185144
764023
283913
419297
801665
933105
393158
583087
627101
13631
580072
211793
458665
699892
189274
69856
617236
32941
143441
676050
229487
228308
416551
920602
939460
464067
103638
521482
638934
761111
86497
908129
605339
345381
718230
952672
696654
989884
100684
941377
388685
982073
638448
758915
251284
612332
113309
837769
37507
751190
606382
763542
522266
957134
867214
509577
896394
228530
286036
76932
524360
816575
235538
268891
609976
211392
367303
922872
716338
200834
11950
325936
373881
892704
507105
279366
717667
909118
661355
295219
483864
253042
862577
377880
863689
380778
660182
556241
299272
710917
484812
53021
44371
541282
200833
642803
220554
766502
638817
362608
286103
180156
910984
196330
363141
528749
86918
397265
372777
570577
582393
637508
737324
816930
480461
584642
164057
562432
646009
696478
285131
973751
397709
510185
119200
955538
599513
593866
598659
509680
427405
657926
984655
958694
52086
867928
441437
398026
327521
594182
171372
702966
906017
194202
940601
411147
904211
716190
71351
179929
888842
150208
35434
546448
270539
876710
106830
651662
222057
853384
714317
267983
552014
123395
969367
13952
402441
743229
895581
313591
466945
938764
915671
599595
287359
489862
804968
675012
669138
846019
738576
4655
360918
794044
522114
785900
780831
350597
973886
151359
509593
698596
897328
100984
184773
995790
891073
448093
964432
772038
58929
43443
364710
596019
957896
348118
644190
264781
459480
33764
701482
477962
135919
954305
735165
333159
923397
546995
551798
358976
668763
309116
82728
754719
456296
876342
827144
143005
742533
869141
177459
214717
474261
992562
780118
116549
975439
502231
160934
123006
201268
317988
183840
450512
759476
52736
90656
794614
376148
607342
741390
186317
956274
57884
766693
590628
143645
71744
314563
117477
973845
383172
102981
263770
930040
64994
558989
468444
485407
373533
881359
881375
999199
479771
837976
56004
33278
37683
123684
564385
805511
698432
632168
808211
973018
311811
335010
293433
947834
62997
812868
776322
690033
660235
430043
487014
777846
150782
247111
923108
579778
350801
445680
878818
269098
294887
921783
411924
848388
764560
345675
227369
683560
438991
999749
264431
133269
26244
860475
244213
916556
378971
880218
838983
819082
814729
967528
18084
678708
163435
834134
128268
325939
357925
712842
209198
957847
87723
865619
973070
721299
887612
786727
469578
198745
356287
778590
348569
311105
562786
932669
57628
307139
850197
483799
270608
880645
693021
845909
531524
186085
702242
257661
479412
832347
228258
675212
99407
380541
108719
104297
814334
570897
337180
204490
783305
539357
772614
617334
318453
928530
582124
742280
500694
767927
20838
119022
10425
21697
975533
242710
224205
572760
302134
445301
900384
572057
439624
147448
618492
922013
379055
955952
609855
225740
301
243171
789990
513775
816733
768495
256637
319848
352904
772452
686448
217363
379790
920499
488851
22870
315551
854472
322338
716377
937881
338914
218940
889881
136240
747789
976545
417432
521357
252047
901280
327886
160415
60881
810558
766247
115505
719709
266182
854045
588396
208945
320757
902057
966664
727527
156091
127720
255511
818431
150305
599396
856842
419811
877456
582412
881805
246007
376623
397261
316644
977280
914386
707540
769918
573596
497951
847943
17454
344316
20489
925897
69680
327832
520532
115550
426397
770837
540485
657188
32013
380699
873096
867695
740047
994156
534572
402176
995489
129788
678940
85283
136292
290110
812831
487759
963313
500976
791128
883543
126545
164019
814944
853097
463139
8988
425574
59065
549754
313857
95836
372987
306305
88159
23055
559069
450837
201314
298514
5161
878596
611777
321565
260993
952251
368192
907760
770970
218222
621289
5272
574602
886383
130866
935604
901620
257977
820137
678334
399958
114443
396738
319485
552183
820488
763851
514735
297901
815831
300910
332846
266958
442637
670044
942415
208565
999763
226938
934024
463040
15986
272696
576958
316943
289123
595310
974196
328086
601525
448671
326804
416648
767631
460892
881371
921706
349706
747095
222062
326223
511951
979327
649398
264279
750059
306721
776249
752171
314843
399966
134277
271671
2113
582138
19521
247330
301813
238097
15662
513378
69587
111544
558317
915257
690571
631798
875836
119048
98557
250082
599106
852931
133776
82915
310614
810610
460391
618064
419442
303882
998262
74197
891175
212842
646339
496088
88900
626676
9938
262224
290515
224246
853076
312933
745485
695719
341629
474816
602916
308900
948970
794219
937169
202418
329959
889148
300594
916219
118550
119669
999790
294424
317284
938833
907944
921068
958021
427899
48671
485517
107896
437733
699730
855170
64677
727960
100532
308106
981427
224272
138878
66967
707817
244430
554467
503345
527460
211977
250048
728297
878065
549630
84061
23512
607915
747973
678069
986217
664148
781027
775055
939533
921681
406569
174959
279716
202811
138206
827289
321419
239372
596549
621739
456726
576495
34216
696140
473326
280354
637647
348437
321472
325948
704844
324097
78532
422402
930627
540342
353643
924187
162835
887125
211830
889499
543776
59292
756144
920621
344766
66558
882600
462322
668947
622031
39863
138737
433175
366852
743766
243452
520695
665538
560944
372001
829257
840666
135822
551239
321857
245026
46875
581536
289289
642978
473267
130082
338261
360306
924005
433755
392603
820656
825004
586120
602052
599056
894656
162889
968270
762717
910099
251992
591924
586187
741992
795262
590766
864345
144777
771933
755815
846388
361112
914824
654228
9113
723053
246947
366889
838690
336499
566689
735445
78823
104093
937270
94377
405382
605028
885418
406069
302317
122185
433649
919058
728454
894606
706872
128544
77173
598565
879769
520912
624840
749787
814810
519013
940271
190873
960841
454650
43155
639318
141325
489476
588304
671601
853991
199005
987822
405551
479397
962730
257048
696614
537613
479355
937988
790493
299612
59540
914828
817173
148837
158386
557455
329940
201637
518774
239976
112802
311639
280155
810410
692749
967138
887078
604307
232400
311398
280006
507163
75127
707708
482448
240054
935650
851483
492426
691795
96701
402840
147890
162564
280045
334564
307999
114588
488149
164178
107519
335046
547236
836429
685709
44924
821765
581099
819356
989118
995352
514067
886362
802381
616104
242719
843664
997995
560598
557736
327997
281695
787125
472092
452007
881690
971072
291496
786130
123375
216269
339735
693846
890306
675612
724538
432705
556261
712869
107650
689723
216110
677364
159733
247155
162592
719079
430200
481718
579890
611313
48004
877381
148201
737625
273106
542083
592797
884159
95593
192496
586827
473737
719341
504515
3758
995157
837763
735605
139200
216941
460949
393264
685899
130918
40362
684277
406503
383644
941691
917277
771814
552619
936433
907386
660582
468027
407994
787772
12026
282145
670775
304781
903316
687188
434404
731131
204974
107404
966531
167230
674422
909818
111664
422161
428897
706312
92364
609391
936094
435805
871112
512208
316151
994877
512342
174448
84346
104738
313332
197774
821598
338313
30980
446379
115650
461623
153958
886175
959925
361758
766263
268646
582984
40386
85054
170897
749509
607871
302674
67915
468293
90342
127342
268209
433712
917962
39971
817192
291416
527247
396918
292614
474861
605237
507970
234546
671533
354901
907761
405151
682536
57823
522174
789360
227365
162422
301076
552522
145725
132875
619479
793267
259396
594860
826524
815909
759909
583392
942033
472204
916709
809231
572431
492319
776627
14721
631646
227681
436129
308277
890489
50589
438202
132263
964775
373100
629296
301914
331295
193
688871
422951
237308
623124
525969
770766
424836
446705
472780
23865
274837
372261
35417
621550
191758
722272
349503
75092
848122
878998
511996
177262
987786
895652
894498
182451
543305
910923
208155
697156
164314
38784
197235
357687
849774
240441
321498
561937
406506
816581
798096
72944
161235
537748
397706
596357
227235
348993
172021
859066
1301
574333
237131
437036
542908
739098
926860
159637
712875
6389
317662
555818
499009
93765
351361
293705
610175
646994
720524
183825
193778
692659
261795
601652
922631
284032
702586
171584
185050
778585
521269
781468
763212
346849
731388
469678
326722
618362
952971
880401
198034
441577
284621
14280
713287
907149
158725
205459
466744
887668
829019
243242
649120
890235
393506
739716
242809
711050
799720
767050
120049
681091
987307
278543
568841
194369
991002
581452
896300
161482
329609
96628
196046
273660
245975
484454
175134
783214
693565
708496
354268
544282
65256
755087
688399
771041
510906
340719
104836
286321
670905
588939
715216
100038
410592
499605
684732
147602
383484
9401
156860
592641
107697
50275
75105
561819
487905
721360
599712
737789
599
669429
315842
35660
562914
314751
115783
931997
584656
839411
537776
669687
561983
617910
796058
780387
483691
640780
782087
793014
24133
621014
645821
58057
294321
401656
678734
58226
583235
389197
748720
736316
422408
883890
73507
724223
474677
241468
532616
381189
665683
945410
876971
186984
42425
855068
613157
863162
572495
698589
977121
657571
367405
306684
649686
642492
472949
235010
866142
603362
141888
718663
694318
57974
757187
600184
47514
162339
27572
136838
838520
978337
800531
210572
167650
656433
770851
196066
115128
909488
868226
902628
116425
566643
457903
954247
561544
113609
523112
30098
288264
40893
619151
144272
980815
489085
988171
73920
713471
219200
700797
562299
546968
362483
138557
432758
82100
197460
521715
7583
767747
143312
684946
494078
344587
308278
396236
486815
923412
949446
402299
526085
436753
725899
884985
217923
647415
531571
954940
746359
445116
458445
266787
131774
26586
70178
490206
414755
202152
503242
584436
924415
29978
23538
643353
257327
990812
752122
93985
149180
449674
93734
915803
662437
854656
145148
999136
317461
889231
885208
521871
786719
731985
322307
213777
204763
75426
288888
966121
967110
37741
132682
757190
385942
339182
701329
407587
397409
737803
348728
169539
302028
513382
438838
882279
930617
731036
19729
414315
668492
23851
92916
911003
554710
401193
455528
550099
476111
902467
578886
733836
562097
966287
118098
898135
171231
642218
103330
419315
96555
554149
491007
651543
575701
650639
73538
657762
173288
953794
223232
88660
309186
985183
830359
569022
871529
584607
946773
841969
684719
34580
452379
781309
898619
130130
147863
960321
450988
139219
85065
629334
527575
56964
330057
712219
235789
712848
702937
203395
534821
212926
441773
581762
109348
678335
432568
420667
951568
875148
302320
188518
700434
593742
291619
205527
747738
477305
694239
28513
134658
499273
543756
670947
916837
860542
971642
874790
722768
259553
907210
548614
563304
80479
797586
393493
435962
898797
509384
804767
439095
598968
115265
911815
322383
425694
679738
692959
820120
871365
86665
24710
289880
103773
712294
104857
656583
206746
534553
213780
810954
302626
572467
687038
685854
474448
214445
952885
799002
186636
353427
463182
587153
721273
614975
332119
233486
191344
33570
414079
655137
418535
493257
193575
42071
983675
375659
661343
466843
359432
626612
473928
238015
735564
86477
867828
761445
802862
80164
664811
180730
949004
918367
915888
207917
682501
912074
110137
406904
717143
612218
591238
864869
715932
477236
923051
139391
858412
712985
405936
569683
169606
756557
626456
842302
595624
261994
430746
414523
825325
428419
236221
271254
850662
34239
518958
691282
387164
49679
563511
631677
456174
494072
999105
140755
946595
350580
826406
886313
498733
765555
457896
913053
774600
571079
528968
837723
492566
506439
962680
186639
305736
269641
134181
980068
398802
785560
612193
720896
11538
824160
364795
786796
578727
226098
212451
578166
303098
176618
48449
631585
487198
715968
261682
443971
171992
509232
356202
670448
425744
756196
960867
246879
308468
774756
545962
779851
573907
570973
460640
95437
408508
819653
510181
937958
99598
552580
194021
615109
813470
569819
425686
439803
858081
52217
189214
838802
1545
429995
689909
642661
767791
101759
854590
920304
285724
940970
285430
844763
358391
362704
397273
839835
35283
397092
77209
664258
930853
816104
666724
437354
532685
70543
389134
94864
875937
468954
361646
430874
127896
990715
453581
525626
525663
177495
607573
960182
437847
888412
16498
94989
903782
55058
240550
384718
403743
638009
512218
133573
712327
919533
825923
997708
469976
353991
610088
583536
360090
61151
764910
39693
616245
109687
802811
384317
397774
834751
49336
971747
161322
157329
941370
369278
818189
605208
617136
850832
794666
390841
77283
963368
567593
923197
317552
353186
103711
532595
536538
540403
147769
884452
955294
812498
990309
587136
156506
983852
108487
431580
416767
653734
954721
228624
879843
688727
758809
337024
41007
142162
420591
864501
715904
756197
822655
721585
630320
246357
447092
811127
117039
135934
29169
770934
836268
300397
68777
884317
369227
444489
464699
72323
958142
672947
264335
970951
702414
19075
700218
778213
564215
107039
667059
620968
707673
13141
946621
947753
87241
597071
812418
235242
230245
259433
858163
437539
284860
806364
935528
98020
303377
774947
615779
797293
895357
764102
898761
311161
339432
753737
322701
363987
110032
878447
523479
744634
334187
166426
84590
809220
917762
460350
644668
681741
634870
959591
208933
405434
367780
486311
414336
389712
913023
839260
776109
351816
930132
203204
346171
349804
848063
473330
224370
229534
340758
874802
573885
373671
74953
508479
368025
781105
929209
43192
387158
534761
995830
994934
97263
360025
518078
388511
566358
906058
653571
757466
521463
831394
34400
802702
586534
255464
351297
166461
771815
202534
207913
461458
399317
889659
999528
758668
558346
638228
629329
372515
564507
640690
690319
49379
210744
951908
264568
542608
729105
450586
180561
517842
400001
980199
340181
761667
954523
937673
923767
134504
145045
884467
148080
309664
392084
543222
208148
970980
726992
825966
22162
688511
453176
912016
504552
279673
907134
371476
403280
542474
170677
572752
41327
615463
302100
736204
832138
667263
386372
757646
275612
283625
613471
561467
257651
860747
870662
145440
357612
634884
194718
836570
854998
637657
784328
172888
591940
861446
610636
364460
684672
808152
693012
778117
322269
13302
737293
59146
28617
351232
198921
758596
494154
211809
450662
722475
372204
487759
383966
232263
272635
43129
914862
776227
538662
339128
145247
653626
544444
941139
791349
206624
979878
193642
850375
193443
362996
537165
574049
486618
131882
231169
400611
489376
435618
90634
672656
184929
902790
317845
575759
331697
123957
728
300828
345105
37392
435862
931592
245421
539858
68066
638605
896895
518211
792288
153866
648907
759577
74659
353163
343496
537313
136323
905160
606691
952154
8537
304045
12754
169362
196569
904935
666994
358433
615873
238567
341123
913547
278534
887200
33505
935763
69332
761992
865149
11209
198986
409677
215208
64163
171000
174987
938495
330306
210674
684702
219143
954422
331340
541603
523402
528102
312969
259444
925620
418373
61544
802252
243708
267895
131180
416720
850010
457915
812389
327278
120929
366430
303513
524857
380322
662726
576853
901267
44069
771647
78543
603098
120847
975969
746262
964195
568671
366388
77563
55585
56718
397858
382049
562449
395285
464243
657729
671314
216275
390815
928952
552999
64829
843279
133166
817333
88130
941654
119005
152820
251923
511579
642986
3705
433378
573168
323186
455234
386086
558169
994593
267940
541859
525311
233246
486509
521747
749646
208185
184669
415870
251690
93046
975462
851791
761611
819019
570935
602200
595468
375091
510828
871382
88340
887202
458836
915293
189947
592925
504417
168567
157473
824207
722680
768279
361052
741710
60929
406659
955446
52218
652589
772052
133172
38432
555901
232080
133847
908007
317185
823948
223407
448620
587958
221862
377903
494237
829155
309471
821089
827729
888996
908143
626325
405393
543512
838399
561587
742071
5942
311444
834407
967908
225893
166934
418387
759640
148559
536680
405366
465106
510074
28438
622621
400078
155105
97713
105673
62211
3273
321045
251312
709294
474843
180456
782300
28347
823998
926356
284899
614807
619582
290302
404670
518883
613392
209609
53737
896883
181422
621851
44417
410358
520116
388079
222230
667334
804469
442154
605906
285820
428792
559145
500427
236026
730550
425324
724978
652580
378507
737289
14470
94705
306464
843611
300308
871639
476177
756956
527101
267604
882866
958117
721804
201479
169891
580449
843511
364103
668235
897069
124567
66873
286528
331226
325774
573290
916814
94078
593049
563478
201055
328651
246299
568767
736059
95555
350692
856726
816979
861422
552211
766879
572968
678412
80586
306821
477359
554518
156423
901231
488609
376918
73418
109604
11690
142218
597232
587414
618357
218969
152307
911589
632264
589773
39157
937295
672
458751
499968
459120
623845
848982
124965
747951
463734
770660
762564
394413
755662
899501
721785
78520
891445
629498
642549
519022
902747
120257
952017
767195
729144
478843
362292
245870
160208
231445
724333
890421
217409
674587
510845
996989
842388
602072
878413
216138
227478
748008
135770
940855
920697
964608
988779
17893
566725
302312
956625
884024
151236
813736
581038
495644
891123
94382
773835
300156
336898
693269
774619
747816
944860
229555
8482
877600
305843
46704
995166
650868
852126
944999
463742
889796
710691
544425
285602
382090
504644
958802
515590
734056
366774
174434
702559
561235
423261
256633
646241
921590
995129
153514
721789
417329
895759
73317
790205
486154
30711
955546
306990
641074
931164
291391
72311
433757
521026
241190
617462
656693
138535
637177
734585
628541
115497
96977
56406
19403
148623
385078
302374
141272
25471
123244
529816
509831
834375
786749
512298
133260
655700
696191
692830
37723
166522
193421
439671
734547
336077
911203
753697
199204
765398
840611
286816
64338
879712
551866
788988
923036
748720
400503
351888
460879
861147
365449
386575
942968
510869
977716
605647
616813
579246
109890
219497
475218
195104
892721
431954
248516
17302
899127
863260
647942
95780
588544
471638
534487
549466
200837
247854
736714
941910
827410
855849
170498
671018
64952
692297
590121
706378
237833
605451
842533
647856
557980
136301
409915
924230
43658
388093
64406
354839
726927
31816
282982
747758
380837
978098
293972
446342
346297
93073
804954
744584
948230
285512
511921
556980
841823
985000
307293
611076
289966
154277
688407
395008
283755
538349
564522
376243
101853
868697
179542
67857
607698
401208
709933
314755
260036
599676
943277
620167
141082
947650
356195
111881
268566
903990
910170
236964
904553
173670
153182
609459
104192
530192
224279
497378
868060
920775
334116
745537
42102
143196
47609
309418
525132
561034
977245
340484
675499
307508
163456
455431
132301
883251
42283
550199
997255
534567
272972
547333
639251
152930
913189
361599
352520
626237
323353
781632
963307
475649
561033
853733
776489
526021
472277
749589
915875
118092
53350
978711
75122
459791
676498
402649
805989
778486
643211
183235
318947
122411
691469
875409
746100
169945
372111
402636
165574
232473
554847
300536
269220
94815
937885
372770
605396
377034
550419
792564
547014
36442
663357
41638
298929
147666
986708
500906
206853
141984
788840
234322
866501
275437
505376
596369
478320
646824
224276
38225
857516
102881
542541
589140
565013
781900
594443
964672
146707
321497
701666
668535
662968
155326
4049
66631
589264
306803
236375
691856
558842
326531
734889
36293
763913
561554
843373
292289
280411
755256
509853
721230
508453
287821
12004
508768
649776
251753
868153
596705
408909
837810
303053
696585
476004
996214
410956
401045
439847
483945
508968
702908
219775
97000
155910
383640
424547
859073
9450
531058
973391
409639
948107
131870
737572
436345
822198
160091
820812
791075
369513
884214
897876
472258
151017
51811
592650
599701
274222
934894
653930
702661
469108
314358
414824
700348
733014
967704
512408
797003
862979
19919
561311
493952
907832
961109
629762
697580
315251
458008
741672
528449
46087
16364
608572
384548
268971
629484
931741
836539
17544
37136
685816
206059
709074
788216
267049
696900
462594
117155
547705
396497
489245
96905
436777
25612
274727
175509
778964
110460
428637
738600
774147
817578
133877
820545
494422
557354
357233
302431
430355
748511
251924
954292
561983
632213
913587
569972
347270
404697
389297
140014
749466
283693
419201
226394
170741
182575
844955
59313
337003
148028
791998
101898
773955
548431
218331
261687
859102
892135
218041
941959
611895
178442
992465
227668
307567
696032
990617
670555
743519
475643
578500
970951
40943
66698
658183
943548
775301
526924
356126
922996
364164
750076
623380
157231
424382
534573
997715
154243
3497
339481
304412
757999
201048
541059
642495
17437
878449
192860
760981
802746
353302
640206
920521
901627
144072
283977
226845
136382
143261
239700
748489
219050
555729
991874
869623
170872
367125
531923
156112
420074
795091
63727
651588
402785
8389
512473
855744
222809
413703
471524
576963
271768
621458
694914
396337
653326
503208
998379
437066
776726
701721
70723
285538
101738
825770
685728
368150
986775
426588
74686
123799
374009
752005
49584
117330
430774
232377
638529
943332
768550
808153
488082
462708
620332
426830
436418
879054
495618
742426
36567
828059
581288
464407
262653
793818
357072
377904
248122
289911
312611
779368
16725
354734
110804
382478
669050
264303
929573
215978
935764
862816
169110
901778
33053
591160
361371
599514
23348
26362
707312
915105
800096
281965
603138
742538
116039
799150
258265
374296
351701
307742
963889
513709
112089
861930
475274
261504
912334
180796
136621
509693
485238
381555
407097
433737
94832
430764
687218
364941
692221
301251
120445
361058
795868
725651
234783
698937
602613
856064
161915
239635
398323
378858
843879
171147
375490
454938
96831
66391
431059
54543
78890
981709
981975
488623
607842
835246
100080
710210
155478
122028
938156
454218
969560
763464
664267
122980
586160
708672
212065
33150
733156
229846
443461
67772
400120
381602
370446
679723
599684
719993
726981
462881
383321
567949
721768
129545
250831
157554
105317
423445
277345
156
49638
726221
342517
368832
889660
905297
348224
266947
662076
406100
800533
747285
90182
557352
742731
666185
92357
831140
618454
974362
152981
526996
962281
217258
99105
967084
65716
764794
383971
837726
786108
305730
108092
402137
455101
406776
193559
951377
586947
555019
952815
3184
839857
290660
648958
607793
905802
999944
297753
445297
766950
213063
170583
856522
832768
550474
23957
909345
169194
791423
446145
430936
660102
303057
749004
195964
971650
191319
425182
709603
800932
331365
247703
721420
643283
966451
674562
796236
178096
171814
539477
605542
301357
175424
864232
654719
514131
381642
331182
552939
960473
290536
46332
720952
788856
218307
54335
431022
186488
385004
727146
499096
686907
517878
135650
472662
506360
79536
139304
741295
502825
127025
907537
246815
218085
862433
82608
836005
411533
323118
701288
59951
405592
702277
623850
320270
541679
318298
651015
533401
732886
426045
124573
582568
20860
740813
164041
448896
303807
62829
168345
423237
613238
810202
179396
14126
120034
216579
58703
193064
703934
623304
425823
246479
339847
531605
101724
697674
312947
990354
792708
394406
226807
155270
463337
640643
136048
270756
308701
839452
305767
116125
855842
192569
570783
398417
157434
378913
369514
834848
508916
539316
921314
903279
795126
363971
862551
161178
747792
572675
673321
489490
388152
972259
327201
124617
290196
758394
294132
287352
196117
630410
586277
924446
569183
800277
705585
553451
415832
309510
194583
678141
247930
456462
470917
940568
293681
833137
83410
614088
283250
646488
275669
316183
790794
318281
768068
31418
971094
702345
949706
765549
744135
744945
690723
48604
889559
5463
774492
619499
568149
347501
971048
813867
282603
572878
112243
648297
936359
337157
109242
822202
164432
558281
477930
446952
201475
249845
881078
500728
343833
228193
463444
316099
73407
487849
266012
913764
40609
908154
113941
247578
610809
719688
457871
821452
903133
891599
714048
656984
893752
830462
345290
325867
593519
992958
313167
973029
276925
632806
460463
215951
90412
197491
708639
129090
281823
590497
431225
359220
508909
711492
195390
39385
861281
189437
245245
638516
808740
501146
849093
536229
221390
351316
407395
145710
72984
532715
473066
999348
240303
570190
747955
619519
125255
169558
52360
279217
156184
226490
295986
341670
4538
727601
213069
580862
231675
610144
156079
32976
675129
594948
559913
767030
470565
823967
15258
308315
392479
845137
305126
951613
938044
829885
686008
998843
703081
394842
896507
319089
6369
516745
552813
273713
724484
960840
555304
13702
763529
181077
823144
552817
311965
799595
999332
168996
329017
627597
459565
247485
11436
319060
675301
662192
176756
289564
254055
883338
579677
172513
37972
567783
103237
79253
291191
441834
511629
638720
567649
404071
498002
849839
293628
138773
669627
145196
945478
670701
624748
154848
976196
451879
355632
332975
510820
234588
80429
398628
702556
530221
855316
239014
922215
242925
757521
586797
922621
96616
131572
97726
125598
389761
533272
935703
179866
659198
509972
566571
414072
127411
507684
618647
731296
136746
175953
823202
652967
945734
801682
768375
722083
758365
389568
891335
863933
806527
891465
776828
586891
548440
630034
505789
832111
365565
417341
10572
948467
626334
926391
861534
737709
259972
290967
959589
750438
939525
154625
410596
797540
704863
586821
742184
139685
278438
343266
215245
753642
154336
732946
61798
76320
490918
697092
939659
136196
502588
839025
334317
755606
834769
9357
328023
927393
344567
99606
779647
940143
158041
647652
567536
263766
105710
861453
723435
439304
223105
884357
48254
990870
981953
668846
962174
426739
885298
112011
298944
705841
972270
61874
621724
346741
699802
879780
858320
131088
912627
660240
153922
534987
346072
193206
528941
554399
627789
632895
816939
883461
988002
502407
47526
88238
512963
146898
843374
26424
998617
342895
575044
425474
819346
137765
882327
94977
999482
275347
453108
226022
757118
824273
209722
81578
525512
45245
539560
3763
764484
839142
302104
458992
161769
894502
381525
465175
440827
70289
327406
169280
965824
486426
512241
907274
76527
937427
591861
992846
798068
134165
562627
841489
356475
824621
731686
33107
829895
621066
141803
735503
411237
570131
419607
350071
544884
570792
230115
357001
158789
536743
452939
792976
579639
991948
994193
664032
120616
849638
418085
375253
773158
249904
181166
33914
752924
302824
571228
695774
616532
418578
873840
374750
736047
198567
878812
309259
553520
957436
797382
432160
759047
811348
250545
883321
122902
392113
489083
351340
640828
482360
722730
558833
835236
702220
102156
392428
329934
440272
452541
822789
120996
255045
82230
959011
199043
420043
974682
74349
45717
774688
21923
80318
875437
791871
288898
952606
873138
447889
72179
226842
959567
884538
691821
693969
965895
580703
259586
241187
266574
822801
619907
671248
135722
642016
959845
84980
54401
239718
129447
572251
125095
393886
95852
890100
73380
189316
302642
221176
168119
40623
581035
530807
409901
177339
797619
607217
459469
447085
971034
12704
779491
149897
437069
484588
453463
333730
883297
772557
1319
831295
80767
242652
848352
914084
792774
686700
860849
608475
272705
428472
551159
70961
385103
157768
28488
557562
296440
300906
938850
498485
859523
347942
375286
529274
309422
733900
704845
604227
901667
120293
502324
713053
161134
259727
280813
773078
455966
907136
617086
10203
32788
754796
699372
327339
214002
286484
453202
821976
947095
887636
108206
98408
195475
144897
298034
23556
39747
44345
220294
697910
969255
604053
991658
462682
112788
614627
122287
633582
647542
498372
68345
851711
402305
891062
765193
546313
81691
300962
432709
448840
61198
255948
464890
305284
843510
778458
616678
411840
25274
472912
804562
379328
885106
204095
343489
860171
956869
281009
88441
211301
346820
116073
310899
830572
252989
700757
945350
405473
343289
40308
170254
311344
515113
726401
44752
27760
258828
676250
952072
203356
777292
471279
646606
322911
50568
656868
822698
199496
916570
722851
491995
859647
550163
364752
825549
677233
175952
177886
203593
745187
884809
487634
797883
615237
686252
809314
793131
992533
421941
658256
399413
829007
22577
163025
549582
564914
822636
90729
184484
805863
579541
966806
838948
651856
235035
783033
76405
69764
600918
330640
406395
130434
260534
269299
55381
282872
462012
545415
524754
894430
489491
595425
16309
566514
423880
898445
814700
721319
685309
193878
293566
684757
299791
498341
809600
775248
799522
462802
990190
671096
886398
916533
908378
678469
666819
482200
729153
524436
914084
355662
694831
396038
753918
869047
543231
161934
882223
457200
926672
304952
572244
840213
892187
376533
505330
759416
810126
830381
792073
450493
649280
584997
10047
103273
365737
337570
752517
997898
295806
596609
748871
103463
647536
235580
837705
556632
652613
184792
606253
750586
4028
771554
451932
691896
369206
350326
837822
358947
168438
960862
783209
597245
346788
749043
711460
388604
36389
765124
265837
872800
214689
81391
904803
73574
861186
739833
307485
48042
504335
598071
170916
986638
347544
813061
730647
333852
715023
158997
12972
588305
604095
369541
342439
302199
225898
487326
605649
741863
826602
656788
167339
12668
499127
685871
851749
681890
374321
889799
893221
758635
274346
135822
787681
853341
457012
787343
658934
310970
33062
207394
142426
983110
305503
257862
749661
260171
947706
37156
859961
190027
379854
378498
320344
721196
899605
969658
592822
101914
134472
902410
682737
383654
508175
599647
156580
794189
35130
173158
148374
215735
978102
170658
702405
745551
244171
522107
811756
546954
387837
420498
841676
143978
282692
420046
869489
613891
958166
815253
368296
103634
490827
254004
921343
212635
447579
814282
11313
709341
496748
124052
295375
789567
602659
99836
845
176002
985252
465280
339672
190506
806073
30399
366044
909739
905297
485004
752190
823545
600742
715093
950905
920057
202086
738317
786792
392560
663588
909557
246149
230630
946713
158986
19241
334092
945220
585049
291285
520674
68123
339899
434209
524271
81736
747167
730011
236436
359053
698225
565265
645009
563701
727523
865247
659657
440229
521745
732343
399023
181173
520967
180403
903673
589083
62903
555281
284117
434036
235453
866751
902543
550290
128929
580778
211367
977598
177018
494367
604744
51837
338677
897453
27040
432335
841944
495091
820494
568448
640641
842151
937646
354825
168108
441717
91820
308443
627515
543682
757037
736246
179764
281884
853836
713791
416607
922874
384422
840041
494490
644100
33542
397299
97368
424592
355471
958061
86891
188775
905730
545008
643862
828760
868508
902245
848229
542400
639222
571573
158052
10422
412446
311579
254078
147580
338781
564440
423424
641017
493279
475742
814825
312164
664055
10863
934601
322698
194437
580053
788293
289501
548320
952778
47858
857928
782822
503948
326147
519082
255726
353234
264210
869964
28683
966878
839750
979860
674416
790085
130992
991912
342339
390617
762600
362952
380713
281726
462304
702702
763437
77603
385148
571238
292608
25166
863024
645058
47125
560995
676285
709925
808890
85803
750565
838464
834078
485705
425567
65744
312163
696675
571064
601069
206280
131275
533354
242689
98493
728076
481217
585588
409446
56409
691893
266006
403588
631255
265565
897453
388720
740605
965563
187650
152828
114521
161689
942780
999634
888273
227484
494390
294962
973867
648952
230648
727909
692246
40445
97021
679477
802297
413637
121189
296360
47072
199685
719285
259074
516321
452151
435677
578120
902425
780913
885618
419679
584095
648741
291993
71408
321940
14154
168202
427171
993931
723585
504264
931394
766707
295403
526032
552887
960911
965012
310384
89501
363551
564871
932784
769540
427553
825076
734752
615757
960671
379159
639224
995900
830908
824244
666715
231341
841556
545520
979208
601516
495694
92472
366515
425127
321989
725519
754455
371846
258495
273616
267448
857446
610811
803383
587348
565857
384173
397200
144445
460193
200919
533510
660856
294670
354583
975338
148922
349261
560855
254194
891424
838830
653790
936803
758470
682974
796586
132429
957808
892118
95337
67061
244814
968915
952424
375807
953235
437214
906738
934907
418405
334582
273780
187414
374658
176155
591671
413238
606577
678354
101202
947412
299480
77314
88443
23448
879880
181640
732930
735943
337226
443061
44565
454882
642479
725488
138374
89384
280504
166426
427850
394833
625877
574643
420709
805037
18356
311852
898169
959149
440763
749311
344265
330222
637605
445551
311614
74852
986937
105683
932842
535223
546566
351525
320470
631820
433887
107810
520689
113795
763428
106551
61624
705773
943889
228717
788597
419398
159791
408165
121887
854619
203927
514799
41011
680086
326361
621315
19879
44742
270156
382291
881945
244637
683716
475618
90080
875068
325073
870501
69730
124212
837161
416624
423954
847830
119860
135703
369824
760646
328346
249842
78471
162281
605390
885567
830163
98953
845156
223659
857389
55012
643853
945548
952149
566018
209415
859895
323176
414675
283414
148242
16240
680601
439634
953570
825575
293602
610615
501694
12775
75887
550878
155574
642907
434626
632514
235168
77145
2258
800886
715203
455942
358308
94230
729926
70705
113696
859256
669113
605860
547351
978170
183963
22380
196926
677894
126506
891630
705559
323719
393702
624271
882905
641494
503894
111943
777522
509663
150013
265754
878104
539984
682020
744224
314999
140426
627428
823503
499784
996840
718537
228631
386486
360548
644289
304130
552544
279653
735232
618991
548509
84004
454994
423693
842852
950643
385060
173034
465377
43127
26882
675159
192603
547161
302447
707937
692938
590425
662686
492573
344871
342347
593220
204238
1744
896579
985797
656604
770081
630835
617713
871374
39128
211321
969480
657401
223695
283323
320486
59754
596210
522681
675955
818219
905246
149436
52687
462578
479688
79341
11586
290100
777648
960062
736010
69855
173055
461550
766726
740545
877196
173780
812243
353463
70827
713554
529000
824514
797463
539126
561774
843431
268491
377587
183642
826342
408491
303207
945957
749110
58968
574851
678159
640661
53717
393630
726052
584849
129252
118773
385395
111746
988959
129360
419513
174818
780705
502635
932749
821304
60053
74392
895108
935231
613031
364804
184013
262155
817869
797601
637925
816283
899556
886986
533472
548965
441344
875292
711010
583373
123132
263408
801063
67150
18608
839266
831361
337298
536347
3827
578586
633957
884865
823208
506749
798458
902132
215123
279036
286224
501329
874369
547208
96349
497417
404573
605293
126820
966885
645835
363276
278055
843150
243107
236993
270875
608926
357685
659439
738253
564723
120996
160491
949952
17465
251503
650400
352805
106278
848509
52402
251571
959084
819565
731145
859928
941303
984050
544773
131606
723655
570531
508417
792513
69033
47734
310470
159917
358489
848674
623047
208244
37912
373153
450398
243794
522595
996009
486662
440824
898605
491876
158171
800254
53703
8762
480124
145759
102051
27904
565879
71478
669989
643785
907093
552449
978543
216395
589516
92789
491044
269907
507389
472035
726933
423992
164174
744384
442711
299295
316861
171345
662386
329065
2999
128740
961208
405557
445213
632616
556372
715506
932353
62556
916724
456266
42718
498094
402136
776537
243057
796326
41751
602615
747499
662596
741905
893690
615492
98726
593859
759177
877977
288113
20318
53256
947684
903342
101902
550607
113818
860102
652837
942061
361925
586369
614874
958265
99600
7215
247296
807871
451299
666421
449559
516423
453088
832389
692312
897210
342830
732275
17587
244708
31924
304375
663323
988585
768793
418442
199719
855959
818649
836102
682837
817450
718548
962271
184747
630018
94806
231979
92749
593861
983542
663446
555439
283851
577557
499169
970598
938865
42867
350134
903694
645031
515957
847683
886126
669686
936116
293785
839803
56416
94722
400624
823264
21199
770393
386617
182233
96269
978524
257378
767350
509026
536200
728094
599262
166730
601934
522563
122360
125876
32519
838372
391008
821826
161408
585654
940876
879452
705695
859067
710089
447690
977172
272297
628653
606329
13353
501915
173042
110788
554643
933008
580362
716318
682784
754895
622528
941278
696482
237158
80884
71701
980357
676707
320505
431601
99558
917438
394035
218712
695177
781069
193144
689086
684085
518252
221044
659334
78819
643719
985117
837131
814327
192917
202896
896312
732065
12171
906732
450588
656218
805377
117769
747857
574167
232804
125971
433095
509846
357144
41798
578623
571245
711609
900988
948479
425150
854660
695808
75543
392467
691521
635486
165861
534312
85800
15759
119972
494706
749160
151098
221782
92115
826862
731890
470003
642903
123442
491474
798021
244193
571980
606801
144995
256376
622535
227174
93331
780845
444662
669688
376116
231804
301377
116805
365008
399194
71265
700940
753229
624585
583070
833941
258569
951714
797134
106461
758535
66770
12782
479909
647411
549187
75346
178339
934809
840175
457522
656368
779492
429410
823449
859819
454914
479232
594022
784330
952491
314440
766943
855022
653123
239075
184310
831890
268974
850908
526783
615439
36926
734206
292523
835841
480314
256868
167139
396891
198179
973029
619431
906165
30526
925885
542730
582447
737502
625877
76730
232070
345766
206392
887673
698229
136780
225020
815654
630250
586973
735148
742912
305509
56575
175988
347152
55412
865088
851378
121514
197144
945018
408851
440957
863418
196353
162420
831361
134628
122036
618928
428159
584395
918962
642493
6035
397894
537939
342169
466072
309724
84793
203821
429115
501424
122421
875747
775071
371566
112046
781706
288863
591322
744627
993138
601839
871305
476394
176651
938351
577141
628283
367242
146441
498800
874221
383002
726953
43065
314308
753302
505000
161266
260624
386042
458727
868428
119045
702098
972838
506322
556699
465308
222739
789029
834994
22102
307372
255396
785031
308354
84536
437361
199006
238459
986262
917634
224026
86442
17134
122531
260986
721817
857283
558804
279991
850118
966587
79525
374551
906183
749268
41867
231851
982324
276501
949876
283032
343649
968968
866973
626085
889155
467136
405859
24504
473891
370172
530997
773258
205526
467102
653989
978203
551008
698542
497083
674041
27432
347579
495341
287926
18331
487656
373706
705792
164146
484412
717138
84010
310906
794021
161836
865098
354529
94952
286462
315513
779907
959408
618075
471209
481318
819050
446121
223124
579807
226726
794890
620989
781007
289694
337821
201682
532625
115860
801125
272339
817111
541948
458188
867420
588593
285328
814878
584632
703848
972985
458532
969747
800099
680427
7164
207839
368876
797790
382331
552983
642213
398587
518892
773479
895966
619362
506026
630488
46087
143005
384706
788483
155534
515065
767465
320051
367464
57308
573631
689374
530718
599170
333208
94317
763954
614456
895634
350498
468127
281529
874376
926272
435183
779331
628352
595107
344184
958803
219267
846057
333780
689041
645169
419373
36361
833674
83712
511498
765079
117281
462584
668269
216369
32533
470376
569788
979287
157769
344057
835870
590228
738732
856154
595257
942718
801705
729471
983353
285858
529156
561330
40551
323016
395929
732756
993918
440173
273579
717759
640863
634644
130034
707985
624938
396834
88477
393090
433101
982694
970956
111807
76399
866152
4814
465904
919560
694402
138251
161593
698175
400730
173124
111548
105231
781481
850189
956440
786221
679794
778120
365061
870906
226686
406963
679896
428138
111673
68473
136723
783643
644765
13426
648308
199942
157261
880429
676052
878556
524646
112498
82047
40024
622750
374895
995461
321115
718978
961055
598683
352121
299768
897775
584298
101881
703301
470995
851247
649012
930497
838895
718080
878689
859310
589423
944242
807378
841616
514073
203960
171345
943874
667824
956851
629510
56395
611075
281313
738896
392076
331505
312018
976588
295935
921475
316219
758826
875722
938582
959134
99863
94027
740751
153719
566473
113351
553249
56931
507966
902259
606291
407340
497040
640422
634746
87036
584983
703916
957906
426156
26359
392881
66405
97678
843205
25862
810873
776045
926034
386972
310977
553620
233731
447964
885561
213261
649649
307627
44505
940168
861661
20736
435203
275560
793116
779377
407396
392867
505278
559253
399995
771276
338565
525709
573512
532543
629017
328392
493326
386130
161475
710345
156589
304279
960498
428384
356136
647893
67871
346861
864062
466706
802662
898602
185125
590611
728087
98624
807416
381650
257878
475863
876822
642727
803529
619892
283095
59644
710463
519036
809333
637669
213914
407946
276614
768240
582777
876948
200992
968348
195767
462042
491014
866221
803429
473145
504016
146978
152251
394844
690532
817948
201722
327233
771260
390198
512153
315466
397427
304986
683671
409488
226183
548167
86965
834582
224734
175484
963353
870637
481674
365108
367530
376472
518385
133923
593933
138619
623010
30164
913745
139708
444060
577391
585946
978297
728876
549474
12685
44517
558886
790918
236339
795485
984064
344453
857342
546207
625122
379133
812391
418301
410215
807561
516898
648327
877824
76631
28871
565680
927289
620620
373676
4528
190088
165883
827771
586528
252252
943241
975908
170393
510919
453821
111983
5779
822877
481965
692050
227707
140481
452481
354198
616238
650501
840887
488267
967973
520027
663017
695116
637327
607533
989822
508568
145108
250081
533411
743805
565961
70567
386979
772346
767071
714630
595364
462766
363972
438014
186067
64279
695757
53412
44043
410264
189076
746776
487898
18680
446809
291666
122290
519127
94062
95702
651264
156378
802042
426172
923745
846020
139867
617719
481199
109231
900
958228
749052
479690
155944
109337
996143
871732
531999
53309
193834
565339
8200
160546
404108
946449
934869
749552
310069
596100
703038
618914
185100
294327
68715
580873
55748
776120
889865
952198
305273
838475
300502
848085
276852
670882
547157
985131
720721
976145
272807
636578
389149
601802
513968
990129
545263
498150
440927
282281
822688
167085
543937
796641
625187
52805
715765
959470
933069
249089
264183
229997
753103
157878
425533
403673
547624
972731
672050
650242
876882
311758
636869
638389
933598
596976
595101
125083
357768
470385
650632
786186
114327
892837
948500
312283
613091
479225
292341
837446
616647
896868
137788
362881
946376
990113
497100
327103
212621
969801
719700
762690
451980
938851
525751
666633
216257
827620
199389
714983
258701
947157
650450
615734
345082
370800
667875
472656
544637
405140
676954
616898
13856
219632
842118
233198
85013
292618
804025
231210
145526
173690
235036
125403
152483
22377
155625
514826
196469
700199
325264
967500
394911
127326
453263
783250
953163
986954
772625
781341
359682
843367
313790
454030
496158
736652
861875
396236
911943
674137
265680
279906
434684
694835
826558
351219
908010
786607
997844
764145
164250
780813
428473
191
391944
541317
439904
962944
898451
1793
77119
169299
544426
867834
318455
77213
907560
369507
123284
277304
70665
109288
914261
180869
724639
622504
234341
28796
374606
269108
564085
793474
385668
240312
734270
514252
541592
520321
637858
962554
575143
684983
874866
985745
918519
679503
128197
525885
702233
317064
271666
203973
640289
844204
320428
158223
176873
526323
965178
34300
953564
396338
968152
529135
563149
846530
645101
462590
114924
84747
392109
329010
83462
967372
871964
107854
286126
324774
873627
62729
312284
504014
721223
964541
29535
822379
774686
955583
97793
949061
752726
101239
722289
660928
321794
694159
443854
934072
164175
971133
383463
46433
825223
813798
649101
913503
349651
776153
489312
137104
715347
935978
764925
25836
961591
268097
634256
83674
238856
976657
399813
738287
413132
911821
378882
133051
336348
519053
66340
203889
705188
883585
829725
954367
789921
920239
190634
532853
555676
340286
937985
827565
923269
214575
216315
182430
83915
438932
925199
469702
438939
489160
339786
994631
799852
6586
718645
287621
240911
580814
238762
981913
177440
3912
547405
772667
536896
421472
553160
115053
657761
915461
727661
372606
217352
843983
68310
100672
156206
568025
151290
376351
728074
40295
498041
821904
42932
326590
50292
573060
128839
621940
655362
10959
568101
406795
164438
328095
690118
441865
778914
163341
703889
727282
900310
513773
332530
922839
260875
279135
707198
84391
28663
738698
164869
9528
34761
804822
258006
166333
514604
536395
620776
90196
873989
961208
799871
75284
214686
971315
307373
990609
81107
963000
626191
959743
811501
499125
67048
570760
591907
943728
540996
79504
971201
989062
250852
150942
149972
807090
280239
611249
157262
504933
659502
28874
746918
140445
493290
458445
810516
674167
433808
984749
39741
340520
918149
884126
603626
547597
295996
238995
583224
585013
771240
14571
454821
395448
475782
494888
450367
349094
682996
422955
571149
379761
288328
317293
305193
811884
115440
985693
911998
711216
777699
835409
760144
354261
688900
343052
303944
73570
60755
353224
892465
935939
149032
958901
812289
373122
966569
165205
927243
824450
858452
483037
440821
541316
449794
669311
170268
230248
996301
501121
304494
258802
619717
78936
808984
323824
538855
70940
991687
967897
734636
473209
493146
649738
573399
25598
680260
547083
536573
407750
730280
518155
49424
536619
211937
681795
953416
908078
271175
914927
212989
506525
691370
133863
992939
312248
224004
790924
145925
480612
552985
787114
634925
488083
141639
381253
895514
116374
358353
824669
653511
385976
811425
723106
554664
123949
70372
971624
93241
813284
125990
11905
823159
916908
124591
931765
910839
876602
190241
707986
302559
27309
689871
480617
192633
995505
649305
568427
942448
900674
857460
811552
992726
817844
179615
176717
847843
404280
601784
634267
26957
393164
58325
374253
521791
661691
254452
377898
199525
401056
345454
706224
663380
742366
295084
396539
679651
938441
182036
580215
353186
733414
934072
200873
835075
527770
99616
262398
611013
797763
168361
114607
508796
839990
867118
249900
128627
353902
213181
374790
822471
427865
752040
961957
314150
418274
673459
529068
419595
388819
994977
120170
486176
585053
