260993
251674
677866
743993
43164
13029
884352
300048
385875
773685
265634
581473
458497
731196
775875
496095
431146
289376
20092
61008
785469
58732
122492
291093
193173
848284
268888
859445
187279
230210
513207
42383
658890
799555
322357
98208
133913
764695
95550
465690
82848
270507
178199
38893
284085
270490
457386
124797
443975
654600
229031
339670
575343
865392
91038
93391
345971
211601
261955
792017
595130
852712
821014
949204
716731
852946
917110
51998
134132
450996
794272
774582
711061
400857
534758
220349
629369
743313
218901
395118
729774
741472
599853
770556
27323
110184
657330
689152
512474
818777
678241
160378
732915
976608
447165
780206
839467
375783
568126
194407
535778
815796
957680
539309
751855
260923
256223
981732
461674
155098
225452
113627
734309
794211
278597
856646
421856
492231
495741
715425
415480
835768
428083
161034
436922
476745
137739
172075
871807
37809
201335
584650
872530
887768
565001
750174
910763
663737
530062
636917
875396
770363
63524
973681
51760
840453
343223
746689
780196
727409
810198
701111
948019
766492
172599
600040
4363
579161
890097
650380
109255
43545
863452
373668
154834
732720
792953
527190
693481
413898
705174
686359
961003
240336
131467
886692
26052
400203
179301
670693
739040
965506
546602
654626
630948
250992
770502
79243
460305
889508
59388
851227
517415
749166
533690
599988
508309
230024
495367
612354
624782
990620
725817
525928
386577
560124
193793
85127
763811
223556
200454
716598
980379
175862
389856
784724
732383
327816
97329
107157
296509
10399
240338
274028
899787
844996
817610
567653
756236
761901
300792
272454
222132
416861
141844
135751
136641
633167
729127
330469
633198
19925
876279
133388
253831
279245
26714
131721
419171
604324
829874
60202
311933
80926
368547
972603
236833
770413
114811
953949
57409
519314
401786
353154
612239
684773
435491
563792
556024
998754
664551
300388
100385
771538
697512
641890
102191
359194
341216
664877
496211
594719
47007
216570
517645
608590
634064
443858
344042
620377
927759
462203
932590
683721
591676
966103
124300
811731
405956
722941
958512
277819
348096
562390
533401
519945
374687
864496
734960
879118
727960
68176
844318
633018
499720
158963
624905
556911
21988
862335
404746
432351
792958
537893
494290
114434
400532
586328
748694
304689
167051
464341
22037
818791
722132
874677
899112
736790
937035
540588
420097
719353
448956
955271
408921
212724
216056
175960
671645
725453
294831
104825
155453
409362
56757
444308
509680
615337
478590
745663
720362
440112
424640
75221
896655
876732
920399
962473
427582
56600
657363
934894
727250
182972
71314
920819
294826
345954
404749
958247
121126
52014
527907
9844
56930
893951
310509
698026
629829
40704
41892
395939
4635
507728
330137
904975
914055
733027
176936
658567
169569
297330
321689
698014
696703
81068
911518
502483
485792
793762
582768
478475
580501
577752
493993
945686
969788
944757
559350
419453
489052
54388
305877
756722
759757
166365
465804
82230
157864
681864
751170
926831
410396
694930
806356
179406
267307
601266
116027
794333
633179
797419
75557
610493
139535
260459
267512
724322
37829
108500
531843
450671
970606
802102
166689
499821
812842
763613
517106
286182
561481
957258
16874
397937
569453
944169
110885
785038
259631
663219
229975
748399
543418
236392
111692
265704
181249
117272
85487
157402
927899
276091
871237
17843
823982
978069
536939
566326
112539
26550
150863
979407
866703
674878
678299
195564
104084
971979
68833
453984
173584
390850
883685
942630
623543
879773
993717
9286
923714
215546
465015
143080
203491
734135
393588
679437
448554
619276
892179
875926
676628
12818
913961
435433
591384
529406
557686
274800
121606
628054
551372
846707
874770
775056
41279
963016
655045
879410
196906
564051
322763
289651
577510
728447
758360
374575
598004
633999
547318
109083
434832
965256
479310
321748
485854
116816
487389
99206
583931
680523
106700
885975
867370
392773
132309
860655
219129
585094
859294
393488
62719
757158
853868
353934
805476
258288
235891
470227
947245
535748
465489
463943
690832
740527
351951
417331
803641
699948
859573
499023
352643
58995
467940
72582
693209
87252
637891
605317
858874
199632
439278
81317
12656
465467
469921
534106
630044
536460
137970
682440
289444
929228
843694
273974
798226
48178
379011
433754
170418
746371
338060
417988
813355
274431
533204
200383
606595
406057
283797
410724
299779
222702
894414
617563
838317
448257
104684
154295
738034
73573
660620
190163
531695
450760
919014
646
116977
359818
233410
537273
236206
317341
733550
135162
83618
834267
438210
624698
187107
673465
33150
585211
609690
786907
737667
633182
845371
141564
241151
746023
311785
310300
33630
421640
639745
537974
362626
446822
419739
793680
44107
103648
814167
679394
197912
549879
908762
789912
19439
581341
313235
548572
901140
626644
718799
750521
504255
564810
295717
413904
62564
275847
205011
371501
920455
499993
556571
758135
469297
917401
737327
768873
203102
674418
272876
212141
356831
893628
693030
927710
452185
753052
878159
297446
120962
992275
4515
135782
681158
78850
629559
728104
260854
665427
227427
499456
803604
772948
187550
385037
68473
774328
525655
477655
186141
691741
541909
185089
525213
641737
250380
509367
77984
827451
257517
369196
902257
22334
364659
403578
2197
367016
874669
783017
205729
196756
278391
240432
541302
611949
897012
483708
268726
571204
894882
434984
831367
271068
433958
255184
154154
180599
534168
376597
347681
713248
825421
646743
374242
498606
482240
453802
34438
387064
983573
598357
511691
61822
144828
532343
761644
591909
738399
688173
368284
508260
567510
920099
631654
567390
432273
907371
471685
8189
123484
457237
916872
118472
963450
520017
639842
764227
615570
684104
722658
715490
839414
486906
817700
463924
148166
953252
94512
199347
973289
598025
598935
614928
46702
569382
447899
142312
720642
689884
318050
727134
762388
635573
41974
749960
747395
226345
496033
70976
320968
737293
114133
49421
560251
543846
483260
752418
900052
870966
574498
291675
213043
868064
591508
178785
921050
157747
828493
72700
382182
133560
211778
126566
581779
135140
980691
985865
867486
346773
746663
858302
996786
603655
707995
579464
657019
541957
89659
553634
462575
308971
511076
529359
404805
250240
230213
865087
342556
642317
120241
986162
211178
687872
610292
93536
263181
747234
656086
95420
226865
680568
144501
296813
693522
355399
419240
823437
232954
709634
120208
654283
46964
11290
707225
403132
476663
488088
230672
307573
950111
777983
282590
767725
822481
253299
428211
181156
53385
991561
450226
180548
757168
629253
985521
226781
277111
302774
831892
172075
239676
93180
491590
94196
252215
858692
984658
311974
131913
873279
706472
999951
954032
947144
912052
415923
553023
33724
192114
228627
827069
398445
319789
341624
244803
454310
506554
667300
804611
378375
105775
139368
650917
658787
465456
95116
494033
155779
903935
560281
255424
856431
603868
344642
229869
726487
709234
641881
206405
62928
404673
176336
725354
860480
584590
398446
515063
609467
948111
541318
424044
173917
708610
170285
318115
178832
343318
220933
474069
841207
492445
710969
970164
797932
663671
771524
372092
259310
802729
95761
980844
485462
161797
344710
11791
874424
625896
202564
400646
428367
766388
963528
46391
962020
609327
256948
373180
47882
598024
63724
732210
896483
153052
892505
322890
337742
999448
708167
312658
912327
210388
99139
4393
525109
769263
69367
495261
321048
503608
719649
405042
158920
875248
961865
258962
645722
767373
738412
337175
615666
130450
351363
809314
390435
379344
556352
743204
951590
583457
616325
124611
764506
398507
876408
3243
95466
631637
701019
92533
784753
940356
325150
31404
829446
370861
179374
357540
295818
419210
250883
153641
510447
40599
311899
89042
842684
36523
375536
47671
340249
200947
386873
162210
442587
508582
102983
875991
345309
785496
880519
680798
211070
112107
407452
822854
707294
299092
397413
770431
423758
13770
679609
553779
249068
98876
664967
541028
387854
911680
432073
766252
948186
984053
278463
315330
415054
547898
844577
544179
620496
706687
644814
870418
49801
504558
908264
299470
794185
576358
843444
911658
657369
871110
187200
531262
615410
435784
980962
587636
110816
200208
64012
384290
463285
710562
659134
748393
299293
877187
331748
301319
879159
613896
30034
215636
847025
390511
504003
51223
210026
101219
246150
759572
744640
82514
651127
111921
473495
820280
222733
983071
923167
409616
853349
795815
853447
422773
291632
494586
256696
551119
829033
623675
115931
120245
468482
382512
137745
669539
946421
653580
391457
760464
860149
901603
960336
541306
288644
677553
275029
342066
136558
779068
462718
643963
88041
523903
310262
181727
977190
127100
67962
881863
635857
738528
646966
455194
979270
51317
935417
402650
377712
220551
215865
884910
645521
378430
803668
252103
172393
140097
557079
793538
159131
191933
978749
194691
142911
819349
914554
660035
780012
359652
666333
558977
811515
580212
477979
960484
967352
72149
448100
709221
767873
854434
88123
451699
824448
327794
172789
844776
896439
151441
578682
492660
914325
111676
869756
289600
260638
81898
579508
388568
869726
131535
573532
807378
513438
429624
422100
637878
631201
59013
354500
284940
622537
806971
693811
736323
296157
57221
682356
255859
132966
200598
429106
250005
596472
215972
725464
333704
473637
344792
160162
249255
759037
658951
904639
731127
948532
89502
930241
489445
460390
348124
454634
430025
406071
315210
492649
266625
725471
953398
642908
170165
894930
117004
904532
332225
906425
911736
391839
974729
815039
896870
580985
362231
974343
489363
868162
621304
48800
632185
597262
983638
415808
98163
732379
513436
494137
815294
730420
226543
82181
153951
35320
592844
96860
127691
189882
977173
503628
511014
540360
771497
115046
523479
870812
923109
158556
40642
576052
894200
760038
164631
343671
721418
607280
384772
311154
169369
841515
793935
117103
161829
965008
277884
221068
255647
414107
283583
457080
16461
936969
863993
445295
835457
678894
921960
252878
619583
643890
476732
163410
215585
536305
239934
902616
191174
357334
214486
969480
670758
31405
536326
726993
987504
598892
659414
647561
79645
403260
254666
157456
938689
17643
41329
80233
445095
587182
698919
845703
961172
345849
290092
959141
477812
336480
841577
389899
390188
540362
940414
809168
738532
669473
511740
861534
74786
875878
862462
807799
509141
920993
790275
267577
689575
300302
992087
496625
448486
137325
468085
752567
632789
312181
665181
77289
592482
567093
792200
623803
905389
863423
41860
631398
453901
122383
26056
319135
454775
476818
143055
84093
383541
804090
918763
710731
283277
969207
361999
484573
157237
721859
714959
206350
872438
926533
400706
170338
765450
305224
475601
157429
342161
533455
453682
57918
606393
601076
659989
961212
27588
481175
44380
883113
198918
329403
627287
842824
224623
240170
250341
71135
547065
218371
132533
732461
206265
322576
316414
307185
846894
541700
835247
505337
841941
199621
111596
656630
181910
33032
529727
796192
147249
650149
643231
839983
389039
416475
539970
965945
742511
389506
16132
782379
394267
631291
205319
885615
392707
489830
589149
790566
274723
296846
723022
564219
799860
430058
639718
849301
620051
353285
185283
322756
471555
160887
373623
128721
996077
239602
557683
943336
797233
965762
207931
668943
385328
578298
375435
856720
168510
552951
17951
62170
611551
534540
598483
709359
708187
871271
624560
8663
25936
102904
257266
835553
780173
14040
909314
249232
397789
916070
348203
434528
935967
405959
839480
243354
458912
362092
272003
209102
55849
742724
514429
325212
193500
689315
985857
677628
866305
941921
253245
597142
892316
372244
555838
138129
94719
818388
697459
216615
905890
233312
834992
602390
848190
316121
492428
32854
195003
294287
263110
632841
637804
503526
670659
32172
780086
880771
726041
533776
438996
357263
908694
161456
813166
570163
140613
588847
174577
915301
69697
5054
346872
859759
165850
995837
917260
971310
616912
117975
510424
715656
404577
606445
857947
884983
663369
979007
908416
741033
689844
941745
603259
928984
499520
813368
300075
56493
879737
35512
462685
732302
893373
875518
106536
557602
13694
459947
879414
109440
696213
805125
327501
861004
192789
224632
343784
107089
902148
153529
211478
411021
656734
74780
450931
380674
487400
492287
34622
81997
646404
675494
666571
513439
22165
143023
675465
619742
949703
184754
330947
944614
646270
210929
512112
198401
380836
896458
569308
595054
791938
893755
885249
668263
543829
238083
424351
401711
19654
899038
223534
665566
819560
878551
48359
871259
546381
679729
584200
12663
185589
670438
675797
511226
560771
54581
414374
279531
932215
617045
152402
594575
387550
170918
712374
297513
59386
204234
137315
753776
314798
26473
834348
149404
977539
120644
239014
49103
435136
931587
320874
409986
758750
497682
662310
598089
654100
843440
12229
471904
593337
331662
176359
590349
14469
219454
234685
426
484542
261168
173582
23278
42312
916755
81837
283961
969888
694976
687565
153000
52208
522822
712543
894946
197528
977443
915922
605837
586862
229637
805651
794687
122107
614398
276250
675528
448176
254655
445281
29535
27544
454431
789168
944918
547869
52477
239458
472346
589622
978488
745561
501380
915782
77470
325958
553552
73860
457886
616508
475841
63258
241451
276756
117896
98303
624193
489908
390885
504255
574285
518447
398276
676739
467973
925692
445148
665289
492956
516552
25986
105177
290605
831019
462881
479852
110239
184061
736675
628533
251228
579158
616402
70556
352165
471046
280211
501018
745963
355262
477944
113035
784876
244138
444817
218552
810235
423513
182786
596456
88874
482569
616780
577779
47936
264585
485983
122529
393942
94407
657306
580327
588239
664612
196967
686390
201703
366540
866143
164416
175577
772284
620314
879000
337974
463301
268445
272719
638758
842413
439017
155453
923572
594045
221978
779519
326213
148198
579735
8006
136740
330307
360248
711275
526169
815627
106109
380160
748256
179047
679832
667049
523435
291
24981
50739
228080
170760
519751
863013
297597
963573
764043
6661
869707
491103
673071
526347
310689
471472
801304
821923
672963
294411
212491
117294
735820
645006
907039
808280
183671
47824
26194
617973
398887
49355
28818
642168
445031
26441
285368
634721
48760
565595
639635
637577
372559
174214
882399
722765
709280
668069
527619
935882
186239
238494
987999
86945
575545
612548
49873
770001
56847
138876
96201
154447
124269
651567
26543
779282
180571
682158
141514
570617
34939
733823
416828
436599
941204
357967
599769
80941
350663
436795
30343
223378
168204
743699
954689
275060
377898
124172
932948
27590
827384
91641
85508
132418
244769
626416
53392
235194
307872
961243
339084
353688
362277
480702
788007
542529
125821
557112
661803
773527
967112
86694
760932
934377
946516
886470
335
948994
282206
886456
702373
879599
108732
438822
602213
825084
352904
863016
504249
338690
948746
372233
639048
635851
43921
936436
830649
206537
906386
127107
585774
94393
532803
591357
716522
739796
244947
683448
242145
122248
650292
627845
604638
561463
267615
888092
770961
351256
634847
585451
544486
367576
943300
438401
797904
656920
952614
295190
770456
999852
567488
888937
471190
608563
342342
611724
219907
316143
479295
555565
749267
575731
65120
482790
928968
843709
268435
947454
478188
722794
138846
382968
323762
871047
407280
361347
295923
584577
597073
405588
834637
459906
873533
597438
764361
902573
644772
820615
928355
581562
11352
848580
711976
469863
357099
853542
873211
12993
355455
523483
906211
399835
876503
967783
178032
661836
673372
537432
604462
760083
610906
561254
676581
619210
248577
660396
812214
750024
425299
121745
256485
953519
212706
113826
686787
733331
287292
934871
406992
50737
498472
455705
319441
724103
201638
660738
671511
478397
764678
408268
622070
738991
806314
861648
38684
565184
849037
738146
316090
766570
409003
725974
28013
294915
338602
37912
843746
968706
776803
123965
132397
268596
194752
246363
398961
230507
318526
123077
256349
390860
363146
90057
871643
52609
125327
476452
431070
660713
85535
408949
130288
146585
27259
640526
504550
400332
878121
688113
289644
393681
645056
204235
141915
956534
478974
429832
532718
688823
252704
297569
698271
506523
717698
929488
718396
504956
600340
332240
455951
980662
963626
788871
812594
407771
309644
385962
50753
615196
158929
369714
356422
3187
486756
303294
503415
561726
252425
655910
98580
393662
914152
669740
45911
271116
47286
319966
793372
560966
175162
184208
295899
964614
58647
846928
741552
476949
35064
792616
472554
513587
317352
243571
2484
952129
687245
735860
927885
583561
968202
301755
147511
814524
30559
182968
884627
180598
476158
888921
104265
196201
646383
702681
773751
471073
605962
971255
171228
79790
882359
432274
732722
708963
226506
629602
105207
603493
354535
583826
323197
666486
561666
908710
153605
197638
246952
436680
763500
459237
316055
500937
796294
985798
761752
352183
94909
417884
854822
378523
630213
323725
506623
92332
747011
797524
123250
33489
940368
723087
463740
494751
49143
593936
107416
999762
90246
9383
650907
686407
869814
222209
584110
113466
7866
580915
623854
914789
679807
120613
463616
218880
739609
510795
800516
514692
1640
804994
230218
859339
626744
561639
547678
69017
354991
72610
462000
832900
647119
702006
353124
867949
136230
159991
164182
411357
894820
905943
250826
658027
49245
698661
714254
5653
597771
365681
303281
66123
807361
321547
706151
364024
54158
824529
896384
687915
629314
640345
522143
53597
773347
542904
975100
682395
483927
114764
277894
886466
378941
372690
812852
221074
21892
327320
804919
296064
435520
716185
350250
191884
4354
695648
332311
297497
369187
121393
450782
893388
869341
586315
802231
727698
694996
62726
858641
594255
683950
252618
710102
140594
509553
556335
581202
664001
261180
372573
813963
585708
171613
292371
37069
837796
414717
805038
230712
784796
536797
932847
94276
504702
999574
31840
923296
754925
554677
159517
589988
853440
984012
16764
603566
41007
919899
628864
108554
161301
763835
593837
334679
157544
683193
15169
331397
100074
153275
71623
873912
338494
941169
353581
786494
509295
187936
246029
754760
699795
785038
340189
653280
59858
464513
787545
267064
321262
526081
772765
84859
6478
179316
970438
373701
441160
605983
181642
295828
436127
241486
794534
867626
186870
840437
982089
465448
246022
751685
418008
467685
595657
141349
507048
28126
529868
790018
804959
367696
812633
839303
19217
424481
38921
478400
781047
735289
363532
738469
769203
310298
547591
450175
356565
765419
695507
601119
31254
310361
992099
468346
34502
796278
388631
97470
548123
842525
464330
170932
279473
766130
713347
965158
510528
954891
85320
526652
825333
298742
839565
568325
673511
331201
713350
37854
933791
26696
660108
749463
622576
809901
694440
957921
714004
581399
169171
752920
917069
525376
733531
387650
209867
106550
80903
179230
854065
447631
712389
7055
158086
226196
180138
365827
102301
187494
535285
310376
227070
43781
581759
765478
819748
709570
697187
25615
646280
299831
895540
695818
313371
495851
537697
98902
944846
642034
177218
226742
85442
769329
994122
840030
335551
582045
491918
844007
680913
172513
912009
446667
437213
830802
368890
138387
697885
209025
539642
927846
488477
61054
867893
302944
648116
315361
202883
323570
81189
814640
629343
309506
130703
263993
219849
693601
841233
882753
216681
941296
861733
709778
536328
108802
188052
300143
132689
720269
855600
1543
787382
376249
977563
737770
286777
551157
36063
450372
778454
540200
809685
478423
480011
56429
877745
736846
394840
731460
134918
95285
662404
244911
193340
55511
694695
947661
693163
126727
705719
415111
888717
785403
7781
687488
221861
637935
6752
302926
925293
868318
325433
33986
819577
62153
535260
921820
376248
335942
385195
858679
584663
936438
414864
907232
116083
371134
812884
818913
388992
162856
364984
981057
232854
284433
593720
782059
523435
88557
855913
473743
364144
873871
6452
416957
650807
115972
46379
937746
906355
961329
262789
205314
133495
805773
963009
128911
283836
647492
599657
931593
811642
662873
315197
353069
4628
443968
435195
402878
805543
856988
743030
784626
405735
296804
829570
358620
938282
56750
207439
375702
434838
460991
739008
663161
108088
389959
723331
504984
338199
73047
381155
151507
421553
873390
820997
41778
804236
728469
846613
71894
793467
187973
775108
396511
168279
216706
749173
934317
325911
593876
542634
391822
718026
946832
465023
67900
317647
345230
685515
49210
245879
772300
811281
829727
634851
877839
580872
423250
405649
335555
304997
266464
651900
900212
533055
981747
477466
298297
902270
221038
124689
501747
553716
433396
495718
452940
272871
471401
35768
947226
420093
636917
199504
358686
68803
637908
395083
510089
787031
215941
926700
178195
889251
301699
469172
135260
973455
127650
515589
127856
66449
566545
998707
775747
184443
183857
121400
801574
96407
50001
930464
336864
903567
267132
5695
282453
558205
433123
892880
908471
848580
960768
301818
6047
31901
489722
206406
755799
956007
910110
968155
732670
994368
579721
917164
129921
309584
176692
285882
138052
899879
409398
998698
194333
784329
419685
295465
368747
917012
993476
971328
197006
15212
521860
958575
348610
328737
759998
536131
930530
307371
75103
678736
503024
357459
937943
146663
129231
218469
721693
527273
806086
152227
239760
635896
341403
546384
270074
548604
801293
832791
211731
411743
397992
602698
210296
672025
536294
233719
585504
553805
391833
575070
560996
890459
889024
218884
894105
683152
307193
147004
811461
664094
214568
884200
478866
810611
950590
54724
931262
412980
89331
3729
735929
755028
591499
731364
6784
32972
505542
405937
401278
607468
728233
622498
286691
493397
545868
703658
928241
136179
202904
592637
796390
233455
9309
127653
346407
684474
650497
49187
919003
526242
372758
798489
184571
564875
904690
316095
176104
893227
631992
462863
872114
865082
943165
360865
137127
691733
10527
856471
165529
138801
458182
362434
755324
832799
476624
579485
992893
140073
816305
469982
914529
881815
541376
20282
885552
275055
762152
148107
169174
735013
627618
879135
395114
941632
431120
288501
49079
614765
698514
858213
723066
844918
915518
753229
882961
100173
591479
207449
253776
386960
296523
497963
719911
713112
544635
196037
229220
550005
970422
497132
264736
104802
174799
734606
947829
104729
815948
245272
679029
428029
36020
267460
504676
403312
902116
381551
450260
851806
857921
94129
138041
276042
686758
124879
628867
673732
892097
20391
450870
899993
932967
271298
875914
630308
890063
570917
319223
465973
280520
307866
245333
943749
949162
28172
961500
778629
996260
219627
781592
43198
275559
222799
496006
173595
706239
216381
212744
54371
48390
213775
730868
180101
143871
178927
670397
546379
61738
171341
390260
824815
92066
603690
100469
360901
562569
131843
448611
734048
498243
170171
915889
776522
394843
649436
644102
321173
417866
364003
817942
592225
648398
535328
205692
10279
774964
892514
133493
433570
309786
930650
426809
905684
766865
488137
663076
282627
70101
564367
288417
679397
309643
550733
729042
94543
275873
579627
464857
385129
588018
155893
367523
613089
273413
839392
222627
857210
652655
844130
685313
836122
353046
555749
14645
803112
504598
343967
376060
85239
888911
759358
726074
51465
628157
783854
666299
561339
277025
646623
426858
121540
630367
644034
800260
543963
270050
212848
97857
777743
217222
949010
574312
685092
772657
22836
895803
783119
966084
744051
321021
935082
615107
373183
851204
189251
13765
811265
528406
815047
969100
316292
894917
897239
430471
822698
480355
350858
759617
600536
488718
750157
427296
886560
843473
600912
919890
717335
965509
366602
579647
162227
451223
119989
633291
714451
967120
74914
677985
121395
386253
573901
249784
456213
471216
659742
717370
858900
59616
347092
282733
29997
454354
481983
683797
939049
220851
408599
746162
385840
207463
694986
635382
529034
517889
658097
935192
347212
592844
273157
736931
834434
438261
651315
65146
402167
737665
244808
93441
593587
902803
334300
449424
509318
945523
583139
588075
313722
416241
606381
332959
826348
234212
214862
352555
854047
22544
702745
406656
348617
690650
106816
724464
659685
588773
757737
442432
299785
807222
243868
352287
572314
557910
817426
298455
746793
612316
67650
793501
541102
823726
528487
380937
279492
802858
607913
290388
841084
899684
558240
953757
406780
563383
549381
476666
317989
450688
52053
537402
425078
942934
98096
121363
272669
604645
293434
291631
136177
4019
146674
209755
838204
815341
53840
769436
150568
454367
558312
176489
829529
262488
158211
319242
795609
162314
872217
794883
132939
69095
294777
29965
298618
948945
307855
200138
120679
140332
280502
832354
748777
494393
90594
782072
140437
811112
786928
630670
840064
609715
357898
634171
395016
323359
673317
812107
893340
398269
971727
480101
901648
513661
676767
15859
704627
73720
461272
149008
629463
162505
976428
900635
813620
228591
678942
549184
950437
384720
488067
605336
15973
715629
163848
290399
683734
896004
470550
394515
96527
789288
599209
738401
823320
821502
582743
283624
59191
277737
156203
277228
475371
107435
435521
471364
907953
313998
200876
387213
374063
293540
420348
20385
476124
476660
205115
819643
480091
109346
720397
533331
166752
370565
974656
883726
77882
586820
215831
13618
720393
383893
926323
326103
325865
137348
559716
790045
450842
884711
228486
32270
195340
507293
353478
655728
785782
99863
715353
812853
489499
628987
392591
742508
491280
681920
599243
782244
91910
715525
193905
491832
55073
703376
60585
847700
641894
805570
608153
61267
610586
2426
755669
122502
324065
976081
224792
544096
282768
996311
148117
619333
280519
682973
936721
890081
331934
165541
822273
890020
454606
530613
747450
542253
3000
581262
760342
982318
639499
766865
298998
846668
441226
430993
257805
222338
985844
174543
124174
433831
154362
680193
674065
569250
71624
447137
240429
714522
432423
678267
88296
736275
965585
153533
74726
751506
879181
269567
337811
523968
818420
495205
281223
616111
321888
728851
487530
310687
766309
237383
158145
173839
326214
569269
108400
502532
510832
12238
420475
698199
650882
192138
12692
184964
851213
902816
964972
116066
229066
757028
270696
496133
575934
46724
976619
341865
254704
733637
228302
658843
731268
834021
637857
168973
756032
390409
379845
863405
40439
859172
261884
446698
950870
831488
26429
623438
223740
80184
134374
148243
366412
555837
187181
941020
461689
200615
236275
690503
428573
401692
932049
727837
178519
264112
553750
461075
687789
78967
577847
990318
995640
619479
934452
91741
380573
542804
960279
781422
450002
180926
200601
34217
927024
852607
707054
478588
925279
274701
515302
998288
160002
373224
55626
492485
762105
181201
448127
361944
347714
764767
578303
45505
880740
899430
690347
681477
447480
101123
679713
217578
984905
269757
370104
843884
179157
60791
879713
634593
297297
800451
825001
585288
25786
77367
910858
303396
248236
574238
463382
452975
415279
251901
62540
510449
527252
722903
913570
1864
999743
601210
585258
732892
77480
299433
393466
718215
831316
811330
848802
975387
670651
835679
129284
963984
446764
562909
805876
546176
754650
858723
936150
469710
602986
29653
336799
987455
207599
630338
853996
533424
429022
25751
200528
488635
386230
631861
159530
923448
633683
863253
521233
900735
570849
99674
666555
423591
981916
202407
107542
468086
584641
781219
130109
368071
48153
406734
915466
11644
741683
914994
379786
172591
861527
224345
699713
680649
22532
538959
446573
771794
810469
378511
647831
946897
637530
412528
567811
508883
481038
232973
484185
246396
470523
359499
885204
794003
479989
584129
349328
984074
40566
441264
562883
162430
411011
821508
967249
807216
910847
832013
534258
223449
507887
709269
871362
970226
798996
734879
400237
689737
21763
688953
291401
742699
4265
265549
72022
290291
643174
740278
39569
3729
198527
637306
949369
380452
86993
646469
485942
419243
724969
915281
824631
985165
480540
919907
112195
137017
753967
178361
155004
221158
186649
689761
990181
980416
885061
540710
407095
832798
385722
350846
74776
932191
911220
699232
292407
687792
949920
165991
905284
649036
956101
708597
323899
30580
200940
969503
402849
571889
316841
505478
49554
490551
87613
490127
226597
271260
502067
864683
443844
696365
77367
261846
53706
23652
516208
636612
822055
709497
440044
883465
993703
628886
741952
735223
688752
135640
836939
518027
171154
886413
996186
674162
255611
555455
804444
477984
573316
694400
667582
304661
664957
20645
729207
34340
708549
898604
841111
381027
940652
157663
842267
111541
567517
95743
753667
708197
651961
132273
170790
948494
416812
921766
695723
908775
478654
835027
15153
416278
636676
595069
722389
766836
120910
853598
406883
227489
180957
379390
711109
106447
566076
585689
72681
859041
396326
107709
695790
763428
901527
325135
719623
12843
299577
223639
797053
704785
500132
733001
77407
224910
640081
991384
13533
298022
95915
746900
345025
212697
728075
224913
671579
501660
826597
240880
379079
609888
677600
243109
715534
635798
376106
182138
945547
138287
213324
471670
142369
359895
52636
673376
264788
377104
780465
607
818782
349161
468023
14035
799718
518592
636822
838219
999574
402514
440566
200167
585165
623830
339705
948393
55112
74498
680478
521534
111668
394361
642237
900628
287919
549837
546813
956595
417154
280415
431580
99619
976501
925942
948636
836805
750239
299598
531188
762231
337938
376221
484722
826172
730230
129180
543631
961103
242862
164375
732296
565277
264742
194455
95393
713120
657438
430614
316235
954446
375314
531145
712842
71332
480717
367798
201189
145491
227820
705858
332283
666860
544278
35968
291834
321390
67532
629848
346659
844677
712424
368017
973382
44448
863723
28562
378966
706058
966347
81928
603017
199457
718803
412918
15999
600310
41106
236531
172741
384467
419679
450734
166885
642768
421543
900097
625959
639728
532147
30387
749714
42827
183225
473844
552800
22966
868465
967479
761813
148138
582916
736038
987384
368517
324980
305652
675380
183840
200659
92299
823223
421950
103570
687164
965757
505006
885988
18579
246026
533146
826505
356835
906677
82740
98517
709441
407972
439840
770319
309237
108196
871093
160195
199805
816979
605474
749717
486692
262435
173703
84774
712733
697107
456196
746610
229599
862455
884798
164727
551571
117544
992659
49908
332574
421374
297852
380213
982894
280582
740225
379368
330503
496382
278437
612408
62175
784144
663978
836917
212839
505373
466900
41526
236428
263229
65850
305126
492291
985405
738715
912182
152262
346145
750445
723253
660972
176526
662460
574779
993370
260013
262016
553575
735678
26868
12503
473102
205848
650919
18795
816121
120545
648100
104571
839371
860554
134031
182725
984771
773161
902479
867984
319114
338795
55229
620817
357697
904056
102371
812397
463927
654696
261572
748245
758558
803485
857005
427967
560789
437876
677521
686366
962444
610499
804228
371875
496514
277838
534460
208741
442662
735525
458827
596186
696053
151991
392962
642787
715057
252963
884749
918543
103362
906690
328754
96508
124771
194254
388223
316153
989319
53954
532046
124827
337097
476377
380409
769062
519724
297179
761279
684800
579292
753897
415218
160597
419811
172637
742872
765507
389643
931423
723869
375906
622832
135982
610794
715707
594844
751195
124168
954348
559744
3146
533146
806293
90247
369997
161234
483504
737805
685120
225545
437312
698462
605642
776133
187910
57887
120581
915291
1798
859823
824510
588022
938033
83729
243595
571750
601319
864290
776863
125953
331870
459935
912289
855430
757587
807454
214116
463443
880922
63014
635460
40997
424654
812483
730719
66365
291101
263470
998899
357404
680056
898030
888442
369991
518994
653497
174006
800884
610469
227384
192609
249289
775172
716170
784841
549338
884240
381443
822149
988717
868068
32144
15225
788103
394796
352403
59262
741881
972686
737313
967852
788643
423747
79988
674641
19899
477694
208083
572479
684066
863048
697935
951247
978754
712684
729977
596413
5245
818437
556968
576523
634773
756101
535043
720277
750019
390845
875502
370261
30676
871607
552727
356421
113675
6772
615390
264335
358251
125263
399206
14870
120979
824123
738687
221167
488436
838687
418960
416731
713536
883728
408500
165957
523548
32428
841300
807275
805718
67757
844308
662576
500400
20020
658429
181651
390757
306936
537293
687934
50924
122267
964662
291704
66351
623393
6638
527699
299719
416945
776370
57789
579901
250193
972506
10876
617176
744228
36372
290779
276522
708978
291890
575548
426475
443713
596517
916548
855166
579769
27463
273433
856847
728501
132943
709233
153980
981938
373497
702910
646933
983348
812162
655940
462612
539866
405053
192241
958552
605442
496884
531723
577801
683740
114169
895953
997979
142908
361302
395283
479501
904464
544936
590602
148621
350103
344909
555747
144791
894519
962028
14638
551144
188318
320291
928161
154026
770614
627513
550031
388711
270958
441846
512995
639081
567294
692997
485038
657532
9216
658262
707978
885576
468666
387032
287196
150344
383748
292252
584891
939189
845167
828057
326489
490829
75242
398008
251264
806054
750273
201078
396126
592269
482248
449065
150916
166318
738801
775760
847419
537937
530470
118850
417775
570655
988370
201588
817455
818861
543167
569028
553215
5933
926316
287866
992549
299172
424646
494885
785798
725858
105750
578386
693350
101187
121204
47475
864320
302083
86643
19259
749542
403325
616696
507935
804487
781799
3673
42636
840122
34727
297740
10474
367237
671820
898737
372737
5056
176750
608402
102832
755863
393527
502869
102453
515414
849107
357431
311644
846016
90903
117417
827104
221015
539063
547481
442588
690046
704557
717144
155304
953245
621598
348923
570900
247743
49883
118013
299386
654810
449342
954191
938862
996137
219974
908688
827217
491514
90991
74234
13711
925378
120524
431327
36376
346011
849662
558971
400001
994023
3256
226537
341163
395016
342326
292737
592357
985093
198893
475810
326551
852022
959624
656977
324337
247319
267809
44554
159387
383833
58855
499061
296007
873796
708831
379266
120330
808024
386939
107766
14256
389443
935142
3622
311793
821875
426988
283095
390386
322763
921388
689190
368476
811399
537493
163753
93962
681773
786429
289150
395907
723702
130795
483148
790088
5263
822177
530811
832844
706210
456693
292942
958726
577679
445618
26870
215803
423153
40617
288706
378543
802407
866993
604722
68534
175691
844775
660792
145765
251589
710099
475751
823727
136156
736092
578107
478461
441823
761882
582881
109406
717576
303628
325476
561822
182143
837337
160246
968565
186992
764374
424793
991499
255642
755779
332139
740758
910955
187556
997165
2312
785350
970239
509986
492668
723153
144141
243229
817733
637152
248635
894327
558373
49255
300787
785299
341372
816544
827891
852357
718395
984295
571904
989402
480427
275849
314405
874290
660505
751280
110403
192272
86926
759314
807702
289322
402634
431694
692942
775724
604432
417004
312070
942681
282736
107129
124742
481236
902356
216447
329345
526208
337959
655951
189654
352522
839951
966211
443303
179126
260031
600236
624711
379648
937134
372802
751263
665028
882383
258095
197904
556670
694765
18287
59736
36332
69679
436036
175789
839601
938258
63914
468386
178324
940630
140097
137366
142301
792895
408756
578139
95503
636200
148790
589431
445754
688606
927507
410592
594876
938152
326171
503732
242416
467048
904510
658752
319375
577640
153826
280392
599160
77283
430931
920799
260964
755546
565652
967524
913567
17579
113147
689824
714007
481596
79436
910929
438568
422344
918491
9948
264323
719855
209059
994618
86175
101061
283344
233850
624363
557651
361003
194149
553246
276695
841907
449561
366204
361145
719383
814488
965435
25432
112469
108304
796587
883283
597787
562227
226658
411846
836624
69345
953929
512623
754466
877009
983081
526092
734078
15106
617750
35205
81218
905496
42759
691511
399486
238783
934124
17896
627255
142581
567246
577641
75756
947892
406229
507952
402392
717376
113041
604025
793704
270951
23246
771922
79553
50189
608435
259894
611169
513055
126741
970886
880840
665928
903804
906312
751416
60737
466352
359488
472299
137360
74071
11113
993538
208381
180932
136227
648520
705206
329544
518606
414507
250950
900458
313505
698736
416433
575414
27333
187189
647494
536317
548019
834378
524475
832712
789429
380226
535249
837716
479736
145271
36329
339547
844490
917106
736700
400210
509362
572650
856209
263431
10770
403535
428138
299481
917456
525131
37977
352975
603456
794386
125677
664177
235607
168998
848178
576219
636230
363470
333185
817253
933444
94837
917859
833292
922959
381803
197854
473915
710079
851442
279803
83045
748793
934192
943490
961319
679551
856411
178055
351207
880734
372113
811187
742850
626268
328874
420826
613007
971784
901274
509285
427827
910470
292029
22030
351634
991123
662048
350905
482582
744811
139915
164229
429214
221405
823641
302952
622879
184226
567815
151757
322389
938243
86891
120210
953732
493958
274129
120199
660406
124134
832951
705099
515101
953759
123741
529694
840437
916172
932354
556232
29081
141586
603596
858823
579667
867671
789607
649708
473042
980359
660061
134956
337001
76018
173338
630478
401785
71213
496129
618061
79972
938437
31919
999773
970120
480080
697006
280950
663227
190602
519612
402836
475316
786316
407380
404924
197718
810578
751860
73168
799195
952646
791913
153550
556932
443829
477217
125114
901165
175661
415360
66166
774707
335715
49189
186431
827750
511221
738783
62841
647920
492749
875856
48428
860207
219213
13370
626662
553966
157642
104633
250939
269009
847810
538150
141773
139136
153642
737870
330658
979508
889553
606648
916021
800169
938483
783154
585415
55722
911901
869550
317973
467859
415858
864781
790560
388227
354630
953920
374376
776746
831235
404228
535010
773195
251889
484197
625331
47500
986506
906262
89981
767148
310566
110971
761641
578221
985477
990441
912613
479041
97125
916908
829842
986431
921471
842763
424530
673234
365022
80145
512912
168110
187908
805052
296920
384992
796370
305148
66091
217654
546113
868906
303381
623501
670639
241120
205076
824666
498257
119581
573644
616990
98271
121467
458592
195513
776357
201623
54839
626842
247315
26664
25551
993061
982463
688847
828149
954640
741387
496460
165111
296483
969796
688908
230580
92862
7557
66437
707942
42523
144427
615230
531644
174004
617110
419770
260979
191496
898755
965394
359930
28090
405430
818292
233326
778802
602498
560851
17976
376079
750775
681531
938218
882597
234193
178886
597888
226883
352587
243408
169190
247691
686210
508202
267395
702648
31057
174984
179268
411626
614154
996823
458457
367155
507683
729953
351958
716755
795710
805643
957078
340643
192192
570952
860906
563989
351850
991011
547776
532964
433853
599342
340910
260247
421645
513071
980060
697942
793870
762632
151331
722932
709396
294891
932850
629865
249349
177566
534679
463585
75176
6426
911081
318470
444084
869150
971325
12161
273489
668420
319616
474313
303256
469392
414862
191146
63155
819074
213261
160309
232054
344592
271180
771472
581312
309565
157914
541248
501118
306648
252687
118993
135881
271995
738358
63908
320227
536188
820054
539942
162714
547258
513326
40429
516161
897672
632035
531542
979217
462573
92268
737872
440241
942638
333701
776659
109677
792053
749716
268382
325691
833870
605982
10023
393731
497640
603787
904148
93611
330477
822475
160247
820895
212584
788184
758262
827095
73207
433445
474512
132404
503842
838524
226357
387258
996753
948329
104415
32205
365811
171507
989790
861780
475346
156823
281627
91309
226235
136741
329835
934400
336130
865438
442064
965968
323409
811048
958773
808729
37487
559957
765412
751050
452400
191274
685362
158169
74469
629414
137399
710356
448040
718933
368627
76252
961384
64085
182754
118626
998765
33044
109424
613731
623229
427513
15361
809429
399099
158244
891683
542374
811848
396842
858620
660261
829658
329056
949221
999519
324496
307534
109053
767689
484439
551281
595914
865170
452444
666227
195690
215599
638530
879167
113004
547598
522244
805558
391722
931742
567409
837364
503136
268752
574458
230354
973425
346562
387629
920266
680234
834040
525869
854499
12744
674522
460454
435516
671067
652475
764081
550153
453420
963536
654299
86877
622864
588062
994357
521341
878412
789435
199881
910720
765030
73287
331140
971567
85796
792899
316952
488600
964505
319064
140380
621797
733712
242146
355267
758350
770967
115576
178085
402201
222756
713845
984633
531637
427535
747058
23435
353000
289656
668614
138373
627722
519265
976170
265286
162194
337799
10248
851466
55577
191133
115395
183045
955738
108103
359836
724298
214104
448832
593579
433111
530011
563969
231751
490657
153450
254574
112021
325920
250559
751370
825665
586962
214406
392171
686434
26109
299694
753391
673114
158603
986924
251512
773897
873335
96537
612333
11416
261440
612603
810630
585405
412494
426025
760194
869733
642012
483459
245820
620109
823357
172264
932579
518873
335456
134886
297844
168325
473997
296362
964362
673614
181844
153040
873989
54522
326949
239094
683019
201638
637805
584855
595282
338073
974566
631371
478839
826467
62238
910999
549386
616753
99334
841992
148308
79229
500297
602456
826664
316166
623200
35176
168667
742453
916972
885846
723129
567075
657869
866714
111737
236092
98205
260776
158422
117365
332161
270869
887772
9503
748855
616877
991137
828291
63587
131470
592654
57161
41578
414613
518720
145012
78607
356169
246886
321994
381398
546190
782339
436911
231924
320518
477865
577439
445147
289196
470940
605640
870610
666431
726004
538934
41864
580642
973893
452439
81987
548577
850818
963934
93434
111737
318916
386319
373883
176531
926085
654211
720801
146642
501095
403358
590165
49307
137744
351687
817555
14904
947075
278548
811429
177077
958656
743802
970447
698557
826624
255347
906199
424446
467342
311492
219053
607688
842993
117885
618166
152235
768302
157739
934811
288861
40532
721095
745734
95115
436916
60272
264514
405477
287304
167890
277495
709848
15914
317996
126094
605067
381372
860480
958237
58648
15291
468972
590068
292561
565714
502316
303638
806914
539941
871811
221515
452325
913140
827233
965544
962694
367691
831191
706243
579649
595277
492372
796431
420332
394276
561396
580422
678971
703651
414596
933180
674187
481135
817643
794063
940352
634984
300754
88170
276238
35280
781783
496530
375655
831808
959864
628963
428709
412789
986938
616074
603970
176039
563504
316448
454588
434290
743494
773921
568089
310088
445547
830782
664069
224589
130019
751961
459293
682126
161643
183309
112059
799393
211553
12367
900295
619996
690312
386299
919873
797309
595991
89681
520495
534306
707403
364424
621188
497567
922772
893895
861638
539543
245172
268248
351183
402149
247418
967027
928590
739582
92246
643365
72548
83191
616075
41375
906781
738244
554848
912797
830763
148768
378108
746301
13266
869032
461735
493928
919649
283306
555052
889832
577087
188957
333017
629406
965760
780580
18675
883749
33331
117787
705205
963330
935101
549363
329744
843982
120869
612797
822611
665920
781094
306481
519167
869208
305829
64020
751555
764479
517487
544084
39104
718961
535746
6693
371145
643036
62134
14104
611299
356339
119303
500458
351349
763401
35734
432947
788901
145002
641766
62089
29485
460670
479180
686997
876817
452181
253036
508333
229296
918263
657661
941149
940233
414250
552813
43096
344777
760603
708594
978050
972802
115612
15968
369555
657550
596832
572260
452801
376694
302757
229190
228834
611197
751672
376838
798877
651171
485229
108389
894241
778655
810061
940642
817495
743603
938079
219657
414048
83014
370645
672029
455179
664453
493981
72356
759660
283824
696385
707941
918204
372067
504752
868058
906468
413354
103796
559986
684045
853818
109300
78168
474469
590120
312663
129361
73435
248570
673355
797075
847745
526905
368065
820166
767495
882221
222829
109117
712535
455977
733124
512919
882843
817099
248659
610497
482202
523214
925064
838188
693457
834370
121246
440093
148994
881899
104975
254799
515447
529731
737318
256269
236963
374577
115578
963105
538228
405629
191508
249990
172081
643501
291293
150644
493951
451469
923875
658480
681946
755890
943569
106879
4359
49823
199791
41280
603626
784992
972611
725941
715028
538980
636268
504802
900559
955228
686060
467940
658784
659800
575199
447424
97993
124011
652049
976059
981324
898785
308372
205286
635312
388283
835691
871562
175358
335970
518738
805232
722642
725665
287690
777376
970313
644799
2493
649274
813440
628172
571052
905185
978390
149924
405912
924623
908805
692938
293267
175286
767476
623524
54625
73081
483500
399467
190834
81657
776580
51110
673675
581111
164213
601560
667612
921270
666709
553039
190621
72476
619785
77749
40672
357272
680194
193904
178842
904243
180632
185755
809210
983581
328686
28841
461339
553836
418279
180777
516445
718835
539147
647819
403438
594555
543377
973715
887037
773972
777298
424440
178165
436271
614732
429296
599177
129378
898562
360929
309361
698013
749317
182467
435273
555775
510688
843493
715737
120347
856331
85867
283052
436016
764736
117012
662061
240779
370301
830219
746841
886998
317736
40144
66498
980442
509307
223962
17927
973802
541329
208226
514376
601502
475750
80122
66578
118996
224741
168119
866169
748112
859694
561469
232104
209824
624957
341573
485478
886715
151599
143266
825784
249153
348440
89949
515519
858271
89831
66604
538015
420672
279250
908739
303311
631312
488608
199604
363157
962870
524343
218159
302267
181293
876575
44113
464314
932735
683815
877775
171729
570928
98933
405367
263146
570527
449768
953048
815748
249591
734564
762023
94783
214725
332904
399488
689966
511927
571768
408433
348974
267497
136329
911108
668922
809545
617257
919060
161300
537157
420991
127753
774403
712592
667168
810938
683583
682120
781476
823509
709116
399564
306325
531770
638014
895387
797296
679849
13993
134475
881134
703847
60550
65430
817117
2405
436317
340929
731876
356183
124748
22221
348706
421294
983589
199730
588813
639048
930442
532358
133676
513757
69177
27427
420850
348808
140506
890443
948911
482524
575752
709653
583638
941400
244917
707900
644831
65686
570271
826187
697296
652575
504354
12503
277407
488659
690568
560502
219520
170567
756298
965734
562075
824780
737525
697973
17130
241734
146817
864007
942475
94423
899280
763062
677662
746334
70169
502055
729074
651141
488138
405104
24343
822596
158298
330443
138025
324227
51008
884282
9363
250949
395963
616823
348213
631330
182619
933496
377484
235353
862410
22577
8655
661237
216144
83705
624624
792473
885360
111958
745576
584749
930031
663737
526156
398143
461494
26703
249574
515176
676406
381264
137174
16916
133698
512440
284468
756373
870325
917970
5105
297824
449444
638394
596977
456932
58914
848402
346990
263886
548480
871080
443997
667621
634091
46720
573376
476374
524372
831729
957805
405478
768523
802864
344667
713295
49407
233673
691578
819520
345867
312195
729357
887150
899983
123373
538174
895923
705003
588355
455
573076
211292
821560
499106
331210
1075
769446
817965
718642
525940
176243
52704
206442
48575
315654
526106
562738
573535
415545
131427
356197
767983
327675
409030
22742
930848
209365
3757
732674
137635
72141
483041
409929
783243
998462
816603
803636
563004
637323
977865
300384
346371
632943
1562
461059
518416
384081
258777
503102
961944
732561
111338
281316
413998
318962
307852
511830
603879
271465
670020
633478
375687
993855
384862
825203
222723
144293
626830
231876
367116
105398
979274
923227
795375
927130
108862
47401
423973
995733
347993
644720
245990
258884
224641
216173
674106
486734
401465
478941
375350
276158
49755
83663
320653
874164
82325
311272
99926
557531
107122
204073
719389
60070
715272
544
288091
776042
380753
387825
235675
450875
683404
817315
954596
795889
467738
85849
201560
913836
578642
383225
426290
169024
583923
333979
416979
433038
828476
472900
468532
889894
310543
857203
843365
878160
717568
534729
968776
408125
871845
715724
275634
531544
665344
318314
385500
537355
919452
209337
330073
8558
181486
635361
14451
183260
419507
978404
496022
730878
358289
510283
490503
114628
30765
347860
380041
800573
407584
797417
837498
873999
181080
140586
250822
160909
423978
565813
315010
739030
522872
30674
721137
280884
328860
146793
885192
884280
873339
423138
248386
559311
156612
403116
925202
851054
565829
352913
284568
27813
186665
479428
843135
481864
503938
770605
543997
516189
15994
767428
849951
281330
414474
898304
834036
44454
356297
700555
259507
209116
174610
505521
472372
822397
722533
425425
297616
526603
344054
451770
82509
537608
179636
199164
460881
617107
315198
522592
966125
483838
80586
716300
606586
606926
689247
3928
107291
7022
743148
958427
176964
204912
819350
78127
950814
575001
274426
287431
930919
191624
448826
649508
596915
772358
335973
147208
680547
649343
15553
581939
81550
790283
361985
232495
402258
143944
787087
814114
888798
786617
304206
585677
8793
762214
722083
594789
511522
51574
265902
682174
695120
764195
116532
152121
923948
493215
184320
904394
108881
705156
356776
475892
587170
326940
283784
657554
681490
659568
278204
698364
632883
723694
387073
901135
955386
158332
979463
402293
901118
315095
194445
866663
175561
557178
985381
727136
397825
429987
315132
433076
890173
454283
201230
907866
375348
187772
241808
586929
565811
358755
862297
86955
883068
693001
778492
459852
972937
892041
505086
701016
657472
7428
628457
277303
483501
13294
946856
93834
804328
727159
183156
278864
666889
20486
615446
94073
502831
827133
504282
211074
638041
246341
581729
195751
929252
137429
97930
457095
240505
31817
683770
25724
388032
571841
674975
31837
412546
314951
155569
602849
731605
593247
601033
501064
617579
609874
927524
935199
843410
78142
978535
79935
757798
493778
470485
910260
843088
249575
937133
916923
907720
225923
860026
247314
565261
206434
147313
576559
385168
757567
641746
19371
947550
264772
886251
147077
720323
893412
785621
653374
202087
217361
437008
290579
648471
587747
269126
310673
669291
782787
597910
702093
790388
226038
956986
20717
98460
771233
62372
257051
226565
405165
674596
743725
469984
729063
550704
85007
278450
625383
957756
227215
742483
815990
54308
616719
700406
668404
94019
541667
365637
935936
316915
308563
161769
739226
892530
494244
126206
796694
985865
330693
617619
101962
135830
987554
329902
169171
718120
898736
671786
497528
169692
403159
542742
785362
33046
728396
694063
390507
765075
63669
602387
423156
236644
481318
343236
534453
644363
687598
400163
630867
77714
87691
449186
210718
644063
387374
324025
686139
898577
30189
296184
710649
425151
393841
723692
60973
577730
205045
961391
159177
384249
878379
717911
246812
492924
207278
94610
506941
38295
316324
518
58480
540875
895381
892486
151591
837351
684747
571417
854350
898395
576586
802584
818885
104596
782294
260995
591799
772447
9219
59661
814534
868561
802777
459733
25945
308131
863053
840883
145077
703977
247929
568797
95675
881318
277044
296831
297250
147622
214310
985408
443246
50124
297870
894850
698947
398345
409686
73553
449642
399096
642697
106030
727966
993371
309871
29773
916936
348893
406265
365103
659147
309321
848932
464787
293660
830942
432511
284949
112985
399749
13927
586586
453639
540898
279125
649135
384540
73761
98369
91904
169779
288912
985247
365057
865781
427176
232436
285520
348645
15526
573724
745164
216134
999397
963592
885348
699529
229649
422768
342139
542089
50497
335205
842089
394367
727383
284682
170030
618226
132264
432478
417874
248632
911033
593787
385946
79490
387667
70993
763886
683286
551446
234164
682747
836341
484503
376064
277841
214983
607346
18852
899534
339725
326629
72621
623964
392055
438097
396693
842241
453987
170926
299823
56717
946738
49861
869184
874251
659467
696801
460774
9004
728758
121320
192337
594664
729572
851215
422735
48426
315724
206607
473753
22188
504069
409881
296516
341836
430228
114332
604911
30037
873225
300384
898855
740517
174745
793485
535460
224300
411742
975630
687437
500710
176716
5699
184673
281365
478145
652112
347482
231992
539252
75767
440095
72773
211444
891591
519714
731636
458515
308431
347431
187243
932958
582337
62413
213073
166205
92367
579135
156587
35175
719657
250760
553449
410610
578880
807782
135836
659459
644469
510612
604947
259334
158175
588842
424603
848720
607707
252986
152139
297708
687672
76639
562998
668462
134362
676040
309545
307397
592104
56468
608374
577265
69445
699085
223386
128449
588751
83041
448165
56392
696646
451730
722646
487873
673876
114263
779755
957212
520940
738648
130067
674424
25013
554122
244047
342599
791315
783589
275589
161442
999465
101854
692268
560829
980240
771242
222936
76039
960372
546511
472498
158757
528425
510280
510676
704449
201454
347437
907037
14337
798300
788016
523994
607108
658450
318778
274321
301598
323045
268892
29244
760448
759485
137107
389510
929822
383363
401724
398988
854451
309035
937940
775167
30584
545054
448022
151283
787268
570805
737509
22035
312285
528275
574476
788823
588145
11212
883901
703527
103522
282700
298723
106816
980954
413843
578389
348235
407034
5615
107347
33562
911952
866059
896598
85702
986969
394241
666180
894155
564274
752068
422980
661023
859427
3896
826923
340562
895312
543589
514960
639036
919682
892849
823325
70012
224396
11297
225546
860944
744923
624941
718648
448652
721176
854561
774704
836517
784730
838842
943016
124833
391672
259488
763273
567435
452746
756447
645310
614169
884338
173097
884345
189794
579238
43676
801223
78569
328878
754904
297081
613440
54814
799109
789276
767003
918758
92970
976171
686982
400653
204510
618092
358005
797116
551442
460301
146209
588018
229046
605565
221703
781310
792767
158818
43008
34755
884520
555609
442632
971460
478785
73524
835495
807249
252656
646124
569576
926194
48516
375952
291666
990041
587541
407950
710406
224303
685884
455331
4702
59498
978894
375627
803540
974678
628273
930
858865
211948
453461
225514
822133
79249
991699
149456
407967
984700
662850
524948
116449
718683
747952
227712
460472
877328
785669
705469
891102
879240
749964
600848
394959
582362
222880
435339
794891
881110
730187
151136
224027
539355
455764
978043
405913
620023
435138
256919
964145
16427
992902
87734
538401
223183
545757
300080
747932
727028
952066
399661
412399
603908
656064
70705
335060
956655
800854
566965
699890
792448
823578
627878
15668
306731
598875
352405
330345
883137
26742
363981
133054
162207
409209
469543
554932
49451
231081
834747
212404
228236
416789
697634
58620
851602
675008
545289
150331
698496
482264
449562
577489
222509
329719
285871
879770
36864
891257
143002
818710
806468
225742
715194
554486
344700
634850
374106
718467
443305
547660
325630
715427
33455
712936
614981
501501
726676
261684
579457
693621
879288
838450
134980
516411
716498
597164
436857
971963
871093
349292
562320
930055
460655
839203
665698
517481
393687
405597
254405
629504
905850
533969
638393
353976
581493
844241
801862
580969
162951
284346
782494
911440
765685
717815
553718
432918
863752
452912
606554
849642
449764
335023
535365
732820
356865
587309
938723
704044
109457
362195
800997
603936
923950
794861
803030
580873
804172
794381
481995
362038
500039
953828
217850
681678
371062
434645
976393
820636
551097
962949
687080
774608
695390
449954
125913
198947
948855
53953
269234
630318
34048
45147
515825
570314
811156
519429
887297
754601
198610
648228
60339
820081
383321
119428
540884
404676
622745
79305
394087
304689
530555
364883
40567
981993
683241
615195
612805
41248
662561
503863
878483
785475
190150
844273
74771
123298
289364
504363
802719
377277
635323
473310
955195
672721
580342
264722
430394
421377
366741
986588
891296
73902
672140
913444
961259
433713
414637
448667
698050
160259
378987
825521
816188
394075
712858
50768
590700
436541
69954
960525
857938
502524
790886
442708
283989
62096
343374
499533
684159
777324
876732
843934
85748
820808
86515
231586
644290
575201
85179
717147
475971
293355
444620
155633
763130
839144
41578
790047
554242
887253
212642
177018
170636
53997
20429
644173
291985
791255
21380
622333
163756
591754
312064
920812
820345
374710
377243
574455
586947
465668
403678
826374
423169
940354
950138
666393
71882
782709
264310
168073
823066
910714
446819
79487
382306
535820
558182
538176
597674
781410
551646
697305
366403
402029
754007
493469
514452
361067
318387
339451
422625
22644
739524
385997
112528
639372
610652
552787
860443
873068
207049
298478
807393
751457
381602
201390
565091
431669
750353
287175
662585
268329
163825
775832
957058
187158
376005
353830
396823
183431
143211
156162
150249
677047
468746
849592
577524
667179
62242
664200
677508
705007
601585
802682
593001
703900
567374
846019
690467
143764
246064
474826
77781
182593
593143
503154
742562
292662
44188
69280
731375
883700
184235
888896
314902
957534
630025
821999
808091
867797
130518
817563
998147
440745
553918
597770
741972
879155
964534
883486
142006
731517
516622
29388
667285
120977
876517
498941
643033
886536
51899
215591
480083
398920
309378
330071
694912
114878
594385
886243
489286
979601
959979
902790
587623
906349
498565
861404
734418
90774
337728
664457
715981
857076
888329
796597
704672
686702
805830
30543
364295
94043
728960
990231
958746
696418
931964
510220
792148
675631
303845
986786
205011
572164
152400
447770
103108
200350
527494
765977
902964
489185
427816
420861
332539
789537
607646
798220
687099
865317
779132
571152
179072
34108
925454
724815
448355
268474
75819
994842
421279
554304
375752
480339
477034
592608
951021
531150
933546
592846
686436
130293
971210
537057
160287
523827
642222
97543
160394
843579
74513
213945
456983
21139
631205
386550
148266
259447
836345
60820
458722
686869
65236
983838
776058
150517
898560
447689
211751
858160
425908
825807
164332
137005
269934
140855
668424
117612
380069
845055
586296
641766
623277
160161
261230
369814
422639
675407
90621
253201
28439
723690
445949
467990
737139
634100
950798
519557
918114
584395
346184
443732
423607
518351
376161
486071
964792
86331
130932
18257
22547
438512
936573
859309
166484
3236
641927
20345
482938
305599
369885
911978
130881
778179
244179
86074
941419
956158
860004
901875
236468
272782
940128
14174
820790
677241
49892
243471
887748
778197
127793
99227
303073
14158
356365
123040
544194
654508
334676
592110
888061
426692
695364
541520
292268
623677
409985
844466
660427
714583
210316
939683
446376
776317
455438
571629
836291
978842
614332
940939
9504
617234
366091
15781
511863
513765
236220
42423
387852
561623
201133
349206
480167
105494
688867
554803
760249
979096
6184
278368
773218
449038
368036
880451
766858
390951
199884
158577
303477
45300
109579
555952
886168
274093
702070
268327
654368
300508
62398
510571
647125
742402
59924
32392
744190
696249
579772
823069
708848
202164
665287
484605
536820
716885
544873
706929
427786
131220
602294
785146
679737
84686
509391
113247
413399
82020
570161
604505
283047
389258
669751
802213
489429
706081
359714
502189
385436
112166
145349
999746
688145
931539
300789
253472
648203
153583
701134
601506
186033
914563
459750
556448
34874
80855
862649
166591
369820
770782
485734
315764
298723
291015
415407
728379
682878
743672
65201
600406
274949
776051
562583
225009
955572
643964
651574
261459
294199
684606
240107
263134
158409
466655
119563
444230
425633
51275
439230
13061
860394
430508
103327
465156
980765
879251
607040
106518
832904
364695
940768
415339
429399
953769
357258
99733
763077
645254
29653
843568
486145
407145
308890
3094
564160
576989
670283
221555
101137
224573
361496
195101
623048
816737
52096
380120
875863
18405
851946
398328
139817
399543
676539
802381
580745
322304
820051
262075
673905
309825
901018
604497
937979
845341
445909
767326
784270
630948
475002
634286
464964
619540
462666
253581
568804
144887
215745
39501
397137
584792
771690
552032
195038
803707
745616
678810
595414
809663
186368
159452
316738
383546
151327
646429
451037
838287
464381
900583
33809
47629
861692
254110
238120
988364
260321
768625
814622
558918
419172
836551
355827
805148
563575
86355
890755
757129
770203
129496
927758
743364
505706
904661
576956
461149
777209
635678
472327
579578
423472
763174
203093
438666
970824
383362
82657
679826
749290
651451
912757
422919
485600
717650
721812
950599
335176
860457
183259
206437
470913
916273
219025
344772
941249
882871
299259
45442
558900
559943
899995
585620
538898
793021
311885
635800
352537
826389
463196
533207
569162
242476
535839
694400
552426
215529
761222
422266
433694
530063
673216
479788
643479
131732
634610
902528
758987
331779
908909
336595
269494
361414
136252
630482
144218
198301
650910
550445
758082
638713
598583
988670
768689
141935
358464
860997
164543
191715
884381
118296
103873
245044
299101
641093
385123
293692
494816
291811
228581
746632
99831
973723
13532
1498
54531
646522
36071
169406
91917
791007
88309
298235
984955
746850
278306
328260
542498
292378
626897
176954
907833
674020
363248
625704
514079
472365
607848
621080
606901
765205
658242
776900
330339
99043
843200
623389
102564
221041
388605
795487
11044
186196
165940
743237
675443
348423
498046
601475
715393
600084
467503
420872
63698
650042
427945
203008
131543
343437
949381
231985
335135
570892
378354
503332
422714
966833
688861
220251
97709
799724
88852
463315
343738
66087
998378
943429
20275
80878
556577
647860
663235
560545
678197
799126
423123
334462
355814
915027
913599
413804
8030
41637
38631
286954
451613
503157
599906
615950
456213
105262
565708
226596
567297
405230
474975
338186
12304
263785
645029
323769
352119
577616
479784
46039
214363
207269
363552
196518
166120
30314
605712
980841
308717
64049
62202
57001
146924
888167
922605
864667
993271
664763
104664
805777
678884
173907
446533
950729
704816
361439
518771
850671
79499
46808
393252
889343
716379
182616
746097
917374
658058
905505
10793
604636
222400
376580
168985
912405
250790
389938
237412
702563
260960
320753
514981
403242
968223
43699
703072
113997
229340
541854
149356
532610
94582
296814
752571
830300
231034
494329
25725
479808
779833
428844
27959
231208
616676
562172
81585
625360
253469
455451
673395
967728
781058
184017
991504
440887
466736
561312
673760
945866
27602
389051
794613
368716
375831
889031
876907
877594
154686
516994
442048
909071
141064
186935
989715
314338
385787
777502
353998
648551
558138
685839
946244
124525
324737
64585
674121
819602
984999
541548
744707
245857
322361
929139
578176
66324
582755
690612
286656
344948
287378
572421
809426
628133
112750
280431
556819
232277
785789
298807
870550
30148
897800
841024
247796
178664
915452
580313
668083
30634
826023
434381
177948
248945
545199
252862
362225
911317
7478
221952
797688
673005
34681
499438
313676
797590
589054
10920
615085
369577
575138
693632
860601
341410
145708
891505
535686
137341
72432
141317
533764
418483
67733
359610
421235
692846
328586
4979
598855
150906
382699
662696
812073
407155
276025
710405
500594
454980
188662
994778
396337
382796
71432
951736
281290
727614
667049
969015
371340
236177
257521
551021
135153
261562
747892
697827
253374
50573
803496
777157
419857
185160
656778
219500
175554
146041
788234
586719
567579
527743
858459
777708
305321
686821
865569
278933
308531
971581
841615
142336
84109
192730
229116
446048
476286
559903
618206
348974
468365
853976
498287
552669
816136
752474
736197
263324
157512
16498
928055
620552
513580
608596
768759
505741
118771
88071
44562
405592
307037
532551
572249
128992
113253
152805
969955
463733
451893
418634
726890
880724
395106
479033
61644
351154
944531
997770
528664
643467
960661
563685
795897
673061
666127
789553
499883
282429
371922
193820
664279
817564
760625
190142
742289
424580
565039
218839
596007
26489
104511
434488
755413
492425
215384
577647
994293
110139
968776
497659
27591
882131
390240
278645
214057
793845
770705
36355
334770
841498
117179
857393
471822
316271
237026
182154
843767
775494
984714
634084
283710
594274
647798
937586
961698
387393
931932
119178
834253
692639
768363
20324
215702
27246
89948
504059
704659
638372
716200
732558
583939
387192
944238
65979
618347
316226
312984
428962
628614
180284
380585
622853
178312
904425
625804
865755
507002
849761
468277
893486
832383
576025
922550
501366
454522
15305
789368
495925
726571
668646
341188
838010
16490
528082
631864
234836
29018
953212
570858
214752
264125
975414
833473
331082
987051
679590
356963
420126
389253
285161
900154
179205
414961
222456
154760
161863
804001
877962
821620
270934
393557
211354
135806
995001
545453
119060
875611
907092
689401
114883
13
29354
511426
301135
98765
830452
738946
878531
403029
908758
723070
965993
411207
873543
321549
130597
89138
620409
161514
236146
578522
202270
488388
336245
209454
544804
241675
196800
943710
600438
329487
23046
951223
311408
74695
948282
571858
444810
488438
859515
952232
408538
663234
814494
787763
379793
566898
568885
467492
35853
478997
119445
50980
993607
513685
776991
672584
677380
342550
601406
964392
726447
728162
923349
606841
315126
306898
474170
801689
473671
667119
123582
79386
948620
563843
223912
267381
252879
819135
508582
159887
948023
762459
850991
676869
624029
964742
931781
691818
231976
404307
876519
659884
952746
44814
252641
374505
952401
160265
106413
960152
756506
120322
451910
549717
697134
484424
472994
222987
269123
823998
645889
524638
741643
520122
35114
904159
893150
639059
54398
959161
593890
523113
337129
637835
897329
363865
506261
833603
276994
11791
916360
156120
189615
717306
697033
944130
39931
228225
845039
422780
809524
282344
216339
783940
326747
696459
425518
283525
418657
649368
6533
871533
57127
292250
341827
240417
932239
636954
916491
753261
907083
659479
594926
519839
491293
313287
227681
809707
810602
838457
192296
496216
889777
33208
898245
600907
923783
980834
970208
757706
123044
102866
608069
679901
23723
124611
362267
358362
356368
838050
15922
367112
497378
786091
942570
354423
623061
766584
878964
205647
227528
71229
575434
901776
799801
393637
508433
598246
139193
9554
255433
332340
839285
854438
696605
756231
39463
14761
72076
395160
863137
627204
308508
497072
260605
964160
924644
94735
607715
677587
334167
681932
93214
955927
162819
396798
797501
767066
676035
855838
886724
16528
533904
128560
702181
407589
229469
867028
703257
999818
862467
566705
784289
116235
10517
267400
94064
795004
477898
999867
891924
257354
11910
690429
182144
147278
501400
157610
264039
852985
382562
53950
6174
932823
744511
743056
806658
518868
946955
527720
375920
170896
932796
425107
443568
698563
380675
778773
607529
477999
771365
504990
883648
66040
903405
984225
927922
920376
936393
105213
579851
680640
183527
743368
394895
342332
79313
952896
651738
839001
263036
956110
836609
420384
585834
828928
657013
462460
935209
817130
830253
32348
403383
343822
960110
547430
26071
338401
224937
586879
772552
362764
980655
170015
370873
261145
910721
923350
23537
246332
777452
294507
791329
995673
590657
517771
838477
434108
565125
149964
992575
893051
782299
430625
423512
811960
909582
766819
234769
888535
47814
369166
769773
289122
541716
183365
631423
699281
972649
227754
535344
216842
187436
506040
284023
193434
828572
698805
126162
631310
574656
328703
918102
648888
835975
458802
290588
356322
695733
834001
56877
161141
740890
880680
898759
384686
105105
326520
646152
593012
118462
501583
550605
820167
75465
502696
909553
403180
443928
916714
767238
299942
928783
813382
364799
744932
867602
414049
248157
786963
63282
307095
551489
277337
569963
805215
97521
69791
483205
18240
481980
662030
37585
769234
738445
420581
671169
325057
535744
950752
554423
569748
632032
194118
90384
151679
510592
816848
14380
529035
6565
259500
95719
651979
155453
440962
981088
478396
658462
853907
975720
198347
146379
715824
449894
514551
63295
218665
500684
72200
166703
324679
859328
668285
534867
700778
346208
174812
476726
875127
110095
826480
434917
916904
651326
534571
516538
451901
10632
557108
653263
525386
199923
229902
749513
611932
422753
107041
42219
23810
359000
800437
940679
465890
315102
34263
830788
414752
854154
538507
224081
738815
985411
589216
633689
338906
121771
464710
720938
22377
142874
887609
506875
510022
308412
32661
940175
452335
571010
306467
401236
297209
919724
755024
318657
656764
684409
310172
142729
863997
244427
550633
408676
392761
299013
297513
239724
95273
624506
532386
729897
229442
59872
313092
90815
916651
409108
929079
23270
314243
250718
512574
834422
687598
797047
638598
315452
861254
884778
926370
959893
162755
71325
767254
529570
971637
121839
700392
407866
180694
554721
569571
507189
696437
468371
939446
928551
270060
409754
129085
610601
626537
43313
130200
199022
207980
652641
175589
921510
219862
284682
692963
811063
296401
263382
541832
369447
630477
793149
835709
432481
405530
15620
478394
985198
910650
374478
414442
957202
819952
583158
38412
101180
154598
233518
716512
887320
423596
791733
454359
567204
69686
243770
572009
679643
334208
979650
750355
172124
412496
492688
739741
934622
297687
163748
355428
684864
232941
176383
183634
475326
537207
75437
57706
805857
630794
725705
95625
968028
391875
248630
935305
222370
563800
44987
963286
586130
273795
390348
432616
779216
262415
714200
994526
800076
515847
877132
374814
26234
154579
574836
130192
980529
723203
579516
834665
197976
548844
250482
366355
652437
