116311859
11631225
116312406
116312536
116312649
11631262
116312659
116312671
116312656
116312655
11631265
116312616
116312615
11631263
116312624
116312624
116312596
116312581
116312561
116312549
116312509
116312536
116312525
11631252
116312509
116312476
116312458
116312562
116312795
116313018
116313236
116313451
116313675
11631391
116314122
11631433
116314561
116314774
116314999
116315208
116315422
116315642
11631586
116316074
116316299
116316522
116316739
116316961
116317188
116317426
116317655
116317871
116317967
116317923
116317931
116317922
116317923
11631797
11631799
116318011
116318007
116318007
116318008
116317999
116317986
116317975
116317967
116317967
116317965
116317949
116317933
116317919
116317906
116317902
116317904
116317904
116317903
11631789
116317877
116317862
11631785
116317843
11631784
116317842
116317842
116317842
116317834
116317824
11631779
116317801
116317801
116317807
116317773
116317708
116317718
116317689
116317661
116317658
116317667
116317657
116317564
116317562
116317548
116317525
116317525
116317525
116317528
116317534
116317542
116317551
116317564
116317579
11631759
116317611
116317629
116317643
116317659
116317671
116317678
116317679
116317681
116317681
11631768
11631768
116317682
116317718
116317714
116317725
116317809
116317995
116318257
116318516
116318765
116318999
116319177
116319323
116319348
116319452
116319501
116319623
116319745
116319776
116319722
116319708
116319701
116319701
1163197
116319762
116319806
116319832
116319846
116319856
116319833
116319828
116319828
11631983
116319817
116319764
116319731
116319678
116319641
116319614
116319451
116319491
116319479
116319483
116319483
116319483
116319482
11631947
116319464
116319454
11631946
116319477
116319508
116319531
116319546
116319533
11631953
116319578
116319622
116319584
11631953
116322996
116323263
116323541
116323781
116324004
116324086
116324233
116324532
116324786
116325064
11632538
116325578
116325627
116325702
116325733
116325748
116325748
116325741
116325748
11632576
11632578
11632581
116325891
116325515
116326262
11632569
116325995
116326054
116326041
116326035
116326055
11632606
116325617
116325544
116325327
11632511
116324875
116324646
116324403
116324201
116323957
1163237
116323446
116323193
116322951
116322703
116322464
116322208
116321938
116321686
116321438
116321272
116321248
11632124
116321198
116321128
116320921
116320705
116320484
116320265
116320042
116319836
116319784
11631974
116319709
116319711
116319711
116319714
116319765
116319818
116319843
116319809
116319807
116319807
116319807
116319807
116319786
116319788
116319788
116319784
116319694
116319615
116319554
116319545
11631957
116319622
116319691
116319729
116319708
116319649
11631943
11631943
116319429
116319427
116319426
116319426
116319425
116319423
116319444
116319522
116319577
116318539
116321934
11632112
116321057
116321022
116320984
11631928
11631928
116319284
1163194
116319984
116320122
116320262
116320284
116320299
116319944
11631976
116319651
116319639
116319639
116319639
116319036
116319057
116319076
116319095
116319115
116319155
116319156
116319156
116319158
11631916
116319162
116319163
116319162
116319162
116319162
116319152
116319121
116319129
116319147
116319147
116319148
116319148
116319148
116319312
116319395
116319469
116319496
116319493
116319494
116319503
116319538
116319609
116319721
116319449
116319287
11631899
116319096
116319186
116319227
116319235
116319312
116319588
116319676
116319698
116319716
116319733
116319759
116319746
116319684
116319633
116319568
116319384
11631935
116319423
116319362
116319188
116319015
11631879
116318525
116318261
116318
1163178
116317749
116317727
116317704
11631772
116317753
116317783
11631779
116317784
116317802
116317826
11631784
116317808
116317741
116317441
116317157
116316876
116316653
116316429
116316317
116316266
116316217
116316125
116315922
116315688
116315463
116315311
116315118
116314741
116314562
116314495
116314549
116314698
116314929
116314972
116314966
116314975
116314975
116314979
116314968
116314949
116314917
116314892
11631491
116314906
116314897
116314923
116314923
116314931
116314928
116314916
116314926
116314896
116314885
116314879
116314874
116314874
116314872
116314887
116314899
116314907
116314913
116314919
116314925
116314925
116314932
116314943
116314996
116315143
116315186
116315207
116315253
116315257
116315288
116315262
116315246
116315216
116315199
116315191
116315191
11631519
116315175
116315166
116315166
116315173
11631518
116315192
116315211
116315235
116315259
116315251
116315252
116315252
11631525
116315263
116315256
116315272
116315272
116315275
116315285
116315295
1163153
116315307
116315312
116315313
116315315
116315315
116315309
116315348
116315348
116315342
116315325
116315258
116315162
116315093
11631511
11631511
116315118
11631522
116315218
116315233
116315272
116315317
116315357
116315362
116315294
116315278
116315264
116315255
116315233
116315183
11631514
1163151
116315097
116315097
116315104
116315117
116315151
116315151
116315152
116315142
116315297
116315457
116315532
116315507
116315505
116315495
116315514
11631553
116315397
116315338
116315314
116315305
116315298
116315303
116315303
116315301
116315301
116315301
116315089
11631503
11631503
11631503
116315054
116315041
116315045
116315045
116315042
116315052
116315037
116315039
116315025
116315015
11631498
116314927
116314884
116314853
116314868
116314868
11631487
116314852
116314841
116314841
116314836
116314826
116314818
116314827
116314878
116314911
116314941
116314944
116314952
116314957
116314957
116314953
116314942
116314901
116314829
116314763
116314629
11631453
116314489
116314522
116314617
11631485
116315078
116315244
116315392
116315597
116315796
116315988
116316151
116316144
116316154
116316186
116316234
116316397
116316623
116316833
116317041
11631725
116317435
116317619
116317653
116317637
116317617
116317549
116317515
11631753
116317523
116317513
116317487
116317497
116317521
116317519
116317529
116317542
1163176
116317629
11631762
116317601
116317606
116317597
116317636
116317633
116317651
116317663
116317675
116317882
116318054
116318245
116318453
116318658
116318846
116319054
116319249
11631944
116319697
116319906
116320086
116320251
116320462
116320673
116320892
116321104
116321224
116321225
11632122
116321227
116321206
116321238
116321272
116321271
116321249
116321212
116321264
116321299
116321315
11632132
116321333
116321363
116321368
116321424
116321438
116321432
116321535
116321583
116321616
116321544
116321535
116321569
116321593
116321627
116321661
116321721
116321766
116321825
116321954
116322249
116322466
116322633
116322809
116323008
11632323
116323392
116323526
11632372
116323904
116324093
11632427
116324454
116324724
116324976
116325187
116325442
116325662
116325882
116326087
116326302
116326527
11632673
116326927
116327102
116327266
116327365
116327371
116327355
116327355
116327355
11632736
116327336
116327336
116327339
116327352
116327361
116327358
116327358
116327356
116327343
116327331
116327319
116327315
116327311
116327311
116327319
116327347
116327394
116327445
116327489
116327515
116327529
116327529
116327537
116327527
116327532
116327532
116327526
1163275
116327483
116327442
11632743
116327144
116327409
116327327
116327165
116327151
116327098
116326984
116326836
116326707
116326615
116326591
116326594
116326596
116326596
116326593
116326329
116326376
116326592
11632661
116326675
116326707
116326751
11632679
116326883
116326811
116326618
116326523
116326493
116326491
116326491
116326552
11632643
116326376
116326351
116326359
116326328
11632631
116326344
11632631
116326372
116326405
116326441
116326486
116326473
116326448
116326485
1163265
116326558
116326531
116326551
116326504
116326471
116326508
116326484
116326522
11632655
11632659
116326714
116326675
116326659
116326655
116326664
11632668
116326686
116326723
116326743
116326748
116326717
116326722
11632673
11632673
116326752
116326796
116326813
116326821
116326854
116326888
116326797
116326556
116326233
116325915
116325643
116325397
116325165
116325028
116324974
116324949
116324951
116324951
116324959
116324947
116324947
116324942
116324791
116324591
116324316
116324002
116323699
11632339
116323175
116323066
116323033
116323029
116323042
116323073
116323073
11632307
116323083
116323086
116323086
116323087
116323097
116323094
116323117
116323457
116323854
116324156
116324272
116324264
116324258
116324256
116324254
116324255
116324253
116324252
116324253
116324253
116324253
116324253
116324253
116324253
116324253
116324253
116324254
116324297
116324573
116324966
116325338
116325555
116325667
116325671
116325662
116325648
11632566
116325639
11632562
116325598
116325591
116325595
116325593
116325592
116325589
116325584
116325585
116325584
116325584
116325585
116325575
116325575
116325575
116325578
11632559
116325622
116325797
116326075
116326332
116326467
11632652
116326525
11632652
116326514
116326509
116326507
116326509
1163265
116326489
116326481
116326466
116326456
116326456
116326455
116326455
116326452
116326448
116326452
116326468
116326492
116326518
116326543
116326562
116326584
116326735
116327086
116327532
116328145
116328898
116329749
116330538
116331297
116332157
116333144
116334061
116334955
116335738
116336406
116336966
116337394
116337533
116337501
116337498
1163375
116337505
116337512
116337516
116337518
116337518
116337518
116337518
11633754
116337647
116337792
116337956
11633814
116338383
116338818
116339325
116339868
116340481
116341017
116341499
116341974
116342474
116343067
116343709
11634436
116344999
116345625
116346224
116346775
116347351
116347969
116348559
116349026
116349364
116349702
116350064
116350459
116350899
116351365
116351823
116352275
116352748
11635327
116353757
116354246
116354817
116355436
116356024
11635659
116357232
116357892
11635851
116359188
116360008
116360863
116361637
116362379
116363042
11636365
116364294
116364921
11636558
116366342
116367192
116368064
116369001
116369857
116370697
116371553
116372436
116373337
116374205
116375063
116375898
116376747
116377428
116378012
116378602
116379233
116379872
116380549
116381297
116382064
11638282
116383528
116384243
116384982
116385831
116386787
116387738
116388745
116389693
116390572
116391453
116392378
116393325
116394261
116395202
11639615
116397023
116397893
116398727
116399588
116400499
116401407
116402339
116403146
116403897
116404649
116405412
116406105
116406646
11640715
116407831
116408508
116409156
116409664
116410129
116410473
1164106
116410625
116410635
116410668
11641068
116410677
116410677
116410675
116410684
116410714
116410726
116410775
116410845
116410849
116410906
116411034
116411087
116411093
116411087
116411096
116411126
116411169
116411191
116411261
116411273
116411262
116411266
116411253
116411254
11641125
11641125
116411251
116411252
116411252
116411254
116411254
116411254
116411254
116411248
116411229
116411208
116411208
116411208
116411207
116411207
116411202
116411193
116411193
116411193
116411196
116411226
116411312
116411476
116411924
11641258
116413335
116414039
116414682
116415406
116416213
116416881
116417333
11641757
116417601
116417599
116417599
116417599
116417599
116417599
1164176
1164176
116417608
116417766
116417917
116417979
116418049
116418004
116417907
1164178
116417835
116417896
116417836
116417771
116417686
116417717
116417719
116417719
116417717
116417715
116417715
116417715
116417715
116417711
116417712
116417712
116417708
116417706
116417706
116417705
116417706
116417687
116417657
116417689
11641775
116417755
116417796
116417794
116417824
116417992
116418365
116418895
116419531
116420202
116420957
116421738
116422528
116423289
116423988
116424658
116425303
116425907
116426483
116426977
116427627
116428361
116429124
116429804
116430581
116431542
116432499
116433547
116434568
116435676
116436775
116437766
116438678
116439454
116440284
116441074
116441849
116442592
116443295
116443959
116444638
116445355
116446059
116446767
116447448
116448024
116448439
116448721
116448954
116449083
116449243
11644954
116449865
11645022
116450629
116451004
116451382
116451777
116452194
116452643
116453069
116453504
116453839
116454119
116454346
116454547
116454759
116455003
116455269
116455477
116455642
116455813
11645607
116456266
116456466
116456723
11645701
116457467
116457919
116458357
116458854
116459349
1164598
116460211
116460574
116460865
116461125
116461375
116461673
11646185
116461894
116462025
116462266
116462544
116462909
116463285
116463569
116463834
116464066
116464223
116464105
116463616
116462932
116462662
11646263
116462838
116463197
11646363
11646412
116464677
11646528
11646595
116466666
116467418
116468192
116468987
116469753
116470528
116471274
116472003
116472718
116473484
116474216
11647499
1164758
116476597
116477375
116478149
116478993
116479861
11648074
116481623
116482521
116483367
116484204
116485054
116485875
116486679
116487464
116488246
116489006
116489769
116490537
116491354
116492152
116492954
116493769
116494562
116495368
116496169
116496922
116497657
116498358
116499004
116499571
116500162
116500826
116501514
116502269
116503021
116503768
116504539
116505298
116506087
116506917
116507674
116508412
116509162
116509932
116510759
116511622
116512472
116513349
116514223
116515134
116516104
116517132
116518217
116519302
11652046
116521635
116522785
116523934
116525112
116526243
116527325
1165284
116529478
116530568
116531647
116532763
116533903
116534984
116536063
116537147
116538287
116539492
116540735
116542038
116543397
116544719
116545956
116547138
116548306
116549322
116550327
116551331
116552326
116553315
116554356
116555388
116556431
116557414
116558282
116559197
116560203
11656123
116562308
116563452
116564592
116565797
116567014
116568227
116569456
116570672
116571938
116573246
116574527
116575753
116576995
116578284
116579643
116580885
116582084
116583333
116584643
116585908
116587143
116588313
116589479
116590654
116591823
116592881
11659383
116594738
116595631
11659652
116597383
116598252
11659913
116599977
116600628
116601038
116601373
11660175
116602305
116603195
116604172
116604821
116604972
116604782
116604589
116604536
116604747
11660513
116605487
11660586
116606244
116606699
116607155
116607618
116608193
116608772
116609251
116609473
116609581
116609668
116609729
116609922
116610215
116610621
116611041
116611363
116611421
116611325
116611236
116611144
116611083
116611178
116611494
116612019
116612652
116613256
116613697
116613907
116613898
116613648
116613102
116612406
116611712
116611096
116610554
116610229
116609951
116609633
116609534
116609528
116609532
116609548
116609452
116609457
116609467
116609318
116609289
116609239
116609184
116609032
116608855
116608556
11660808
116607147
116606422
116605858
116605551
116605544
116605838
116606269
116606797
116607438
116608016
116608586
116609068
116609374
116609559
116609627
116609631
116609572
116609458
116609152
116608704
116608067
116607285
116606484
11660559
116604566
116603488
116602413
116601446
116600725
116600293
116600166
116600127
116600052
116600012
116599854
116599525
116599043
116598343
116597599
116596921
116596305
116595795
116595408
116595076
116594761
116594472
116594199
116593989
116593801
116593584
116593256
11659274
116591919
11659119
116590577
116590099
11658957
116588923
116588111
116587277
116586508
116585759
116585092
116584545
116584262
116584085
116583898
11658371
116583536
116583394
11658322
11658303
116582857
116582703
116582541
116582377
116582223
116582055
116581932
116581839
116581829
116581909
116582065
116582218
116582348
116582678
116583329
11658393
116584446
116585085
116585769
116586501
116587141
116587491
116587531
116587418
116587331
116587255
116587205
116587202
116587203
116587203
116587201
116587227
11658724
116587251
116587263
116587276
116587267
116587315
11658733
116587349
11658738
116587384
116587444
116587488
116587527
116587537
116587557
116587562
116587562
116587564
116587562
116587179
116586982
116586806
116587141
116587203
116587362
116586281
11658583
116585407
116585007
116584676
116584233
116583821
116583452
116583132
116582966
11658285
116582782
116581217
116580675
116580633
116580702
116580757
116581018
116581405
116581809
116582171
116582311
116582183
116582053
116581911
116581812
116581716
116581652
116581685
116581819
116582027
116582194
116582357
116582526
116582713
116582834
116582992
116583119
116583246
11658337
116583507
116583632
116583804
116583919
116583925
116583862
116583635
116583274
116582981
116582744
116582541
116582334
116582122
11658189
116581667
116581584
11658143
116581335
116581224
116581112
116580968
116580818
116580644
116580503
11658032
116580182
116580006
116579787
116579558
116579421
116579311
116579169
116578972
116578699
116578349
116577935
116577478
116576855
116576146
11657545
11657472
116573984
116573267
116572563
116571783
116571008
116570339
116569603
116568846
116567948
116566945
116565836
116564766
116563635
116562471
116561352
116560227
116559087
116557933
116556839
116555773
116554698
116553496
116552327
116551133
116549895
116548647
116547313
116546037
116544844
11654358
116542331
116541067
116539818
116538553
116537304
116536065
116534801
116533559
116532339
116531062
116529782
116528509
116527233
116525984
11652474
116523503
116522286
116521031
116519787
116518544
11651729
116516132
116515038
116513987
116512966
116512003
116511048
116510178
116509351
116508568
116507802
116507043
116506259
116505415
116504517
116503578
116502721
116501921
116501134
116500325
116499541
116499039
116498634
116498236
116497739
116497149
116496537
116495826
116495076
116494255
116493461
116492611
116491794
116490957
116490081
116489211
116488348
116487457
116486526
11648564
116484841
116484042
116483234
116482366
116481445
116480552
116479615
116478696
116477794
116476951
116476101
116475239
116474437
116473599
11647275
116471918
116471129
116470334
116469539
116468803
116468281
116467919
116467666
116467455
116467184
11646687
116466536
116466138
116465715
116465224
116464551
116463741
116462865
11646193
116461002
116460127
116459417
116458816
116458405
116458135
116457872
116457695
116457516
116457317
116457129
116456903
116456463
116456081
116455715
11645535
116454878
11645433
116453723
11645302
116452294
116451555
116450807
116450082
116449362
116448646
116447931
116447238
11644657
116445875
116445138
116444513
116444009
116443541
116442995
116442387
116441674
116440861
116439976
116439068
116438139
116437204
116436224
116435259
116434317
116433395
116432428
116431421
11643039
11642938
116428406
116427473
116426637
116425831
116425014
116424201
116423291
116422351
116421348
116420393
116419445
116418476
116417531
116416573
116415617
116414674
116413856
116413192
116412828
116412631
116412373
116411995
11641167
116411511
116411496
116411495
116411495
1164115
116411509
116411525
11641154
116411546
116411548
116411549
116411552
116411557
116411557
116411559
116411454
11641131
116411304
116411304
116411306
116411217
11641101
116410778
116410426
116409952
116409475
116408821
116408089
116407329
116406554
116405804
116405012
116404291
116404025
116404016
116403961
116403831
116403723
116403698
116403582
116403479
116403339
11640311
116402754
116402376
116401984
116401579
116401355
116401329
11640134
11640135
116401396
116401526
116401586
116401564
116401137
116400688
116400088
11639937
116398626
116397911
116397203
116396497
116395751
116394976
116394192
116393342
116392515
116391824
116391285
116390887
116390577
116390333
11639008
116389839
116389529
116389143
11638867
116388089
116387512
116386946
116386446
11638592
116385318
116384733
116384237
116383827
116383463
116383126
116382828
11638245
116381939
116381388
116380909
116380434
116379791
116379143
116378585
116378045
116377435
116376708
11637587
116374942
116373917
116372901
116371904
116370915
116369885
116368843
11636773
116366518
116365382
116364239
116363112
116362011
116360947
11635986
116358861
116357867
116356865
116355834
116354779
116353655
11635261
116351562
116350457
116349413
116348352
116347333
116346412
116345552
116344759
116343946
116343037
11634222
116341542
11634095
11634027
116339534
116338926
116338476
116338069
11633772
116337479
116337318
116337299
116337296
116337296
116337293
116337279
116337267
116337264
116337264
116337263
116337252
116337241
116337241
116337237
116337196
116336903
116336405
116335726
116334885
116333975
116332987
116331912
116330854
116329957
116329347
116328892
116328499
116328097
116327824
116327762
116327738
116327732
116327732
116327724
116327714
116327701
116327687
116327675
116327664
116327663
11632766
116327658
116327656
116327654
116327642
116327632
11632762
116327194
116327065
116326625
116326049
116325426
116324773
116324096
116323533
116323203
116323139
116322848
116322714
116322572
116322419
116322249
116322059
116321885
116321713
116321534
116321371
116321201
116321079
116321085
11632109
116321052
116321046
116321053
116321024
116321082
116321117
116321098
116321074
116321083
116321066
116321104
116321118
116321157
116321174
116321178
116321094
116321044
11632094
116320892
116320889
116320885
116320888
116320886
116320905
116320894
116320898
116320911
116320883
116320855
116320871
116320986
116321018
116321049
116321032
116321077
11632112
116321175
116321234
116321298
11632133
116321339
116321337
116321283
116321238
116321211
116321208
116321104
116320952
116320747
116320599
11632046
116320335
11632018
116320051
116319849
11631968
116319524
116319406
116319342
116319285
116319197
116319115
116319041
116318991
116318921
116318837
116318752
116318683
116318604
116318529
116318485
11631846
116318457
116318468
116318496
116318507
116318446
116318498
116318525
116318576
116318633
11631868
116318773
116318773
116318773
11631881
116318902
116318977
116319027
116319027
116319029
116319122
116319493
116319498
11631958
116319632
116319705
116319758
116319819
116319871
116319919
116319996
116320084
116320097
11632013
116320181
116320179
116320168
116320177
116320206
116320333
116320349
116320326
11632033
116320441
116320458
116320581
116320529
11632031
116320259
11632017
116320137
116320281
116320409
116320477
116320479
116320469
116320484
116320474
116320436
11632039
116320373
116320338
116320296
116320237
11632025
11632021
116320191
116320287
116320439
11632058
116320724
116320866
116321063
116321192
116321231
116321214
116321208
116321234
116321201
116321198
116321145
116321121
116321137
116321118
116321135
116321121
116321096
116321043
116320858
116320698
11632057
116320395
116320209
116320023
116319842
116319657
116319505
116319412
116319393
116319382
116319406
116319375
116319294
116319207
116319152
116319082
116319037
116319009
116318991
116318993
116318993
116318996
116318974
116318972
116318972
116318977
116318992
116319006
116319019
116319027
116319027
116319033
11631904
116319053
116319049
116319033
116319025
116319025
11631902
116318994
116318946
11631892
116318898
116318892
116318863
116318855
116318851
116318849
116318847
116318846
116318847
116318847
116318847
116318847
116318848
116318848
116318848
116318847
116318846
116318844
116318846
116318851
116318854
116318858
116318862
116318864
116318865
116318868
116318871
116318871
116318872
116318887
116318896
116318901
116318901
116318905
116318883
116318842
11631878
116318712
116318648
116318565
116318485
116318429
116318339
116318269
116318246
11631811
116318059
116317994
116317916
116317859
116317857
116317857
116317856
116317869
116317904
116317846
11631782
116317911
116318114
116318178
116318185
116318241
116318236
116318245
116318273
116318282
116318273
116318305
116318382
116318394
11631838
116318342
116318308
116318256
116318251
116318245
116318146
116318093
116318139
116318158
116318151
116318202
116318248
116318245
116318157
1163181
116317973
116317939
116317937
11631789
116317881
116317874
116317839
116317831
116317764
116317573
116317429
116317274
116317096
11631695
116316899
116316864
116316855
116316843
116316837
116316832
116316831
116316842
116316829
116316794
116316785
116316861
116316835
11631679
116316767
11631675
116316782
116316857
116316995
116317144
116317306
116317476
116317644
116317736
116317742
116317726
116317745
11631775
116317751
116317751
116317752
116317759
116317776
116317771
116317708
116317655
116317648
116317598
116317689
116317668
116317635
116317715
116317733
116317723
11631776
116317829
116317774
116317779
116317759
116317765
116317701
116317669
116317693
116317761
116317751
116317739
116317764
116317764
116317769
1163178
116317773
116317739
116317739
116317739
116317686
116317603
116317471
11631735
11631722
116317077
116316951
116316812
116316682
116316547
116316414
116316312
116316294
116316281
116316268
116316237
116316207
116316203
116316098
116316006
116315875
116315784
116315688
116315622
116315471
11631535
116315157
116315011
116314929
116314749
116314617
116314532
116314484
116314466
116314506
116314455
116314425
116314498
116314559
116314645
116314706
116314778
116314867
116314975
116314981
116314981
116314985
116315003
11631501
116315018
116315026
116315016
11631503
116315032
116314977
116314972
116314984
116314981
116314972
116314973
116314974
116314975
116314975
116314977
116314977
116314978
116314978
116314978
116314978
116314979
116314989
116314947
116314924
116314868
116314867
116314865
116314865
116314867
116314783
116314676
116314623
116314625
116314622
116314622
116314623
116314634
116314591
116314601
116314601
116314602
11631466
116314759
116315018
116315277
116315277
11631528
11631528
11631528
116315281
116315282
116315282
116315281
116315281
116315279
116315269
116315275
116315273
116315291
116315314
116315361
116315066
116315009
116314989
11631499
11631499
116314992
116315002
116315007
116315045
116315101
116315167
116315231
116315285
116315249
116315254
116315195
116315121
116315132
116315219
116315401
116315411
116315391
116315361
116315414
116315432
116315466
116315473
116315472
116315428
116315478
116315505
116315551
116315609
116315676
116315746
116315786
116315846
116315875
116315807
116315734
116315721
116315835
116315848
116315665
116315472
116315359
116315288
116315288
116315288
11631526
116315275
116315282
116315282
116315275
116315272
116315282
116315308
116315308
116315308
116315306
116315321
116315321
11631532
11631527
116315249
116315248
116315247
116315248
116315248
116315245
116315226
116315226
116315225
116315451
116315494
116315469
116315426
116315425
116315422
116315423
116315423
116315423
116315421
11631542
116315419
116315419
11631542
116315421
116315421
116315418
116315307
116315216
116315173
11631516
11631516
116315157
116315156
116315156
116315157
116315191
116315278
116315296
116315296
116315298
116315296
116315295
116315295
116315296
116315295
116315297
116315299
116315299
116315299
116315298
116315298
116315299
116315312
116315313
116315315
116315315
116315318
116315348
116315379
11631538
11631538
116315378
116315245
116315191
116315145
11631514
116315135
116315125
11631512
116315179
116315199
116315215
116315215
11631521
116315175
116315176
116315193
116315208
116315208
116315207
116315211
116315219
116315227
116315209
116315208
116315213
116315238
116315225
116315208
116315198
11631517
116315172
116315178
116315178
116315177
116315159
11631513
116315137
11631513
11631513
11631513
116315135
11631515
11631516
116315191
116315222
116315266
116315266
116315267
116315267
116315267
11632331
116322751
116322236
116329247
116329148
116329002
116328616
116317128
116315559
116315325
116315224
116315202
116315191
116315154
116315117
116315045
116314983
116314973
116314997
116315006
116315013
116315014
116315014
116315014
116315027
116315067
116315067
116315067
116315068
116315051
116315053
116315054
116315053
116315054
116315054
116315055
116315056
116315056
116315058
116314856
116314842
116314831
116314742
116314743
116314743
116314744
116314745
116314746
116314746
116314747
116314747
116314749
116314748
116314747
116314748
116314747
116314749
116314749
116314756
116315026
116315035
116315086
11631513
11631513
11631513
116315131
116315104
116315134
116315167
116315178
116315178
116315178
116315176
116315197
116315216
116315248
116315275
116315275
116315275
116315276
116315287
116315286
116315286
116315285
116315282
116315282
11631528
116315278
116315277
116315277
116315277
116315228
1163152
116315197
116315195
116315193
116315191
116315191
11631519
116315189
116315189
116315189
116315189
11631519
116315192
1163152
1163152
116315203
116315212
116315251
116315265
116315265
116315266
116315276
116315245
116315204
1163152
116315199
116315199
1163152
116315201
116315212
11631521
116315189
116315188
116315188
116315082
116314986
116314952
116314965
116314965
116314966
116315024
116315031
116315031
116315032
116315051
11631511
116315152
116315152
116315153
116315186
116315186
11631519
116315172
116315168
116315168
116315161
116315153
116315148
116315148
116315147
116315147
116315148
116315148
116315149
116315159
116315165
116315165
116315157
116315117
116315044
116315008
116315043
116315033
116314985
116315122
116315092
116315102
116315088
116315045
116315072
116315067
116315053
116315053
116315052
116315051
116315052
116315051
11631505
116315049
11631505
11631505
11631505
116315034
116314984
116314937
116314866
116314795
116314755
116314745
11631468
116314615
116314547
11631449
11631449
116314485
116314536
116314527
116314551
116314665
116314668
116314668
116314671
1163147
116314814
116314908
11631495
116314998
116315
116315002
116315002
116315002
116315004
116315041
116315041
116315048
116315286
116315355
116315355
11631536
116315419
116315514
116315519
116315519
116315523
116315613
116315753
116315831
116315901
116315955
116316026
116316068
116316113
116316135
116316162
116316168
11631619
116316203
116316245
116316262
116316324
116316397
116316468
116316506
116316506
116316509
116316656
116316782
116316859
116316905
116316979
116317063
116317141
116317217
116317272
116317351
116317401
116317455
116317479
116317512
116317594
116317623
116317648
116317689
116317688
1163177
116317695
116317693
116317683
116317679
116317685
116317662
116317653
116317654
116317637
116317618
11631762
11631764
116317663
116317652
116317641
116317638
116317637
11631763
116317653
11631765
116317662
116317691
116317673
11631765
116317638
116317596
116317634
116317629
116317643
116317647
116317672
116317664
116317675
116317674
11631766
116317685
116317681
116317655
116317651
116317646
116317655
11631766
116317653
116317577
116317771
116317814
116317892
116317959
116318002
116318072
116318134
116318206
116318282
116318387
116318449
116318531
116318605
116318674
116318728
116318778
116318876
116318974
116319039
116319093
116319212
116319241
116319252
116319271
116319277
116319306
116319285
116319286
116319334
116319334
116319331
116319354
116319369
116319411
116319426
116319469
116319518
116319564
116319596
116319598
116319614
116319659
116319681
116319688
116319681
116319699
116319718
116319718
116319721
116319729
116319727
116319725
116319725
116319722
116319704
116319625
116319547
116319515
116319527
116319533
116319533
116319534
116319548
116319614
116319612
11631969
116319531
116319428
116319432
116319428
11631941
11631941
116319418
116319429
116319433
116319457
116319462
116319477
116319443
116319446
116319418
116319368
116319406
116319405
116319364
11631932
116319276
116319274
116319266
116319296
116319287
116319281
116319286
116319296
116319321
116319349
116320274
116319469
116319462
116319364
11631934
11631933
116319322
116319304
116319309
11631936
116319385
116319398
116319411
116319425
116319449
116319449
116319441
11631945
116319461
116319426
116319379
116319366
116319385
116319398
116319416
11631946
11631953
116319583
116319614
116319582
116319532
11631952
116319501
116319477
116319464
116319464
116319463
116319444
116319463
116319445
116319449
116319436
116319423
11631939
116319367
116319339
116319312
116319294
116319291
11631929
116319291
116319301
1163193
116319334
116319359
116319394
116319422
116319399
116319389
116319383
116319377
116319377
116319376
116319273
116319266
116319256
116319259
116319305
116319325
116319335
116319351
116319356
116319356
116319356
116319356
116319363
116319374
116319381
116319404
11631938
116319422
116319478
116319511
116319533
116319535
116319531
116319513
116319481
116319442
116319428
116319409
116319411
116319411
116319414
116319422
116319408
116319391
116319378
116319378
116319378
116319379
116319401
11631941
11631941
116319408
116319422
116319416
116319416
116319416
116319415
116319406
116319393
116319393
116319393
116319393
116319393
116319406
11631941
11631941
116319401
116319401
116319396
116319406
116319415
116319415
116319414
116319414
116319419
116319419
116319428
116319464
116319487
116319483
116319483
116319481
116319427
116319427
116319427
116319403
116319395
116319421
1163194
116319353
116319345
116319334
116319352
11631937
116319392
116319424
116319436
116319433
116319418
116319402
116319356
116319306
11631931
116319302
116319297
116319304
116319309
116319325
116319381
116319396
11631939
11631939
116319391
116319414
116319397
116319411
116319453
116319565
116319604
116319626
116319675
116319671
116319656
116319628
116319588
116319581
116319554
116319528
116319519
116319506
116319525
116319517
116319494
116319455
116319441
116319441
116319426
116319432
116319432
116319424
1163194
116319382
116319382
116319379
116319209
116319194
116319183
116319108
116319066
116319066
116319062
116318959
116318892
116318818
116318712
116318629
116318549
116318519
116318519
116318516
11631846
116318394
116318362
116318273
116318273
11631827
116318015
116317928
116317829
116317758
116317745
11631774
116317737
116317737
116317734
116317663
116317574
116317512
116317484
116317454
116317429
116317401
116317379
116317361
116317324
116317334
116317334
11631733
116317332
116317335
116317335
116317341
116317353
116317368
116317417
116317467
116317497
11631755
116317635
116317709
116317769
116317839
116317897
116317921
116317946
116317936
116317935
116317948
116317961
116317974
116317975
116317908
116317867
11631782
116317769
116317689
116317601
116317601
116317616
116317601
116317585
116317597
116317613
116317643
116317633
116317611
116317605
116317615
116317603
116317601
116317639
116317682
116317687
116317672
116317671
116317659
11631765
11631764
116317653
116317667
116317686
116317644
116317638
116317662
116317668
11631766
116317648
11631762
116317613
116317617
116317645
116317653
116317658
116317649
116317641
116317629
116317629
116317627
116317575
116317506
116317438
116317393
116317332
116317249
116317175
116317089
116317009
116316954
116316886
116316826
116316733
116316665
116316621
116316586
116316498
116316397
116316321
116316293
11631626
11631622
116316201
116316171
116316171
116316176
116316177
116316085
116315933
116315933
116315929
116315794
116315704
116315651
116315545
116315454
11631544
116315364
11631528
116315223
116315186
116315113
116315113
116315109
116314943
116314824
116314731
116314648
11631463
116314593
116314593
116314593
116314592
116314554
116314594
116314659
116314668
116314691
116314691
116314691
116314729
116314731
116314786
116314848
116314958
11631506
1163151
1163151
116315102
116315103
116315124
116315136
116315327
116315361
116315423
116315445
116315479
116315485
116315485
116315485
116315485
116315467
116315445
116315442
116315438
11631543
116315426
116315424
116315422
116315422
116315421
116315398
116315321
11631526
116315201
116315201
116315207
116315161
116315158
116315158
116315155
116315143
116315143
116315143
116315143
116315122
116315079
116315048
116315034
116315033
116315033
116315032
116315004
116315004
116315004
116315014
116315026
116315026
116315027
116315029
116315029
116315031
116315053
116315963
116315963
116315962
116315962
116315961
116315988
116318011
116315344
11631542
116315013
116315257
116315296
116315302
116315302
116315295
116315268
116315253
116315253
116315253
116315253
116315252
116315206
116315179
116315139
116315138
116315137
116315137
116315137
116315136
116315136
11631514
116315129
1163151
116315139
116315153
116315154
116315155
116315154
116315154
11631516
116315228
116315228
11631523
116315226
116315224
116315216
116315203
116315202
116315202
116315201
116315124
116315083
116315082
116315082
116315082
116315082
116315084
116315104
116315149
116315149
116315154
116315155
116315155
116315155
116315156
116315183
11631519
116315191
116315193
116315193
116315193
116315173
116315168
116315168
116315168
116315168
116315168
116315168
116315168
116315164
116315183
116315183
116315176
116315196
116315201
116315202
116315203
116315202
116315202
116315202
116315202
116315203
116315202
116315202
116315202
116315157
116315157
116315154
116315155
116315156
116315156
116315156
116315156
116315156
116315191
116315191
116315191
116315191
116315191
116315189
116315171
116315141
116315146
116315159
116315173
116315155
116315104
116315055
116315054
116315029
116314995
116315015
11631501
116315011
116315011
116315009
116315006
116315006
116315005
116315038
116315074
116315073
116315073
116315073
116315074
116315075
116315076
116315077
116315078
116315079
11631508
116315081
116315082
116315083
116315083
116315084
116315083
116315083
116315083
116315083
116315084
116315084
116315084
116315084
116315084
116315083
116315085
116315108
116315107
116315106
116315105
116315105
116315105
116315106
116315107
116315148
116315203
116315209
116315276
116315341
116315401
116315425
116315358
116315331
116315318
116315317
116315316
116315316
116315317
116315317
116315317
116315316
116315318
116315317
116315279
11631524
116315217
116315216
116315215
116315214
116315213
116315212
116315212
116315211
116315207
116315207
116315219
116315235
116315259
116315291
11631529
116315287
116315287
116315287
116315287
116315285
116315282
116315282
116315281
116315281
116315281
11631527
116315219
116315174
116315159
116315154
116315147
116315147
116315146
116315145
116315144
116315144
116315145
116315213
116315258
116315296
116315332
116315356
116315374
116315351
116315281
116315248
116315209
11631531
116315365
116315363
116315446
116315452
116315452
116315452
116315438
116315395
116315379
116315342
116315342
116315342
116315346
116315329
116315314
116315322
116315319
11631533
116315384
116315454
116315575
116315618
116315391
116315396
116315396
116315394
116315386
116315321
116315319
116315355
116315401
116315439
116315467
116315456
116315464
116315483
116315444
116315423
116315422
116315422
11631542
116315414
116315388
116315387
116315384
11631538
116315379
116315378
116315378
116315374
116315373
116315331
116315331
116315331
116315333
116315332
116315332
116315332
116315331
116315317
116315299
116315273
11631523
116315229
116315226
116315226
116315225
116315241
116315249
116315247
116315248
116315249
116315249
116315249
116315197
116315196
116315196
116315197
116315251
116315343
116315409
116315503
116315593
11631566
116315677
116315677
116315681
116315655
11631565
11631565
11631565
116315648
116315648
116315657
1163157
116315361
116315361
11631536
116315349
116315344
116315341
116315339
116315337
116315337
116315334
116315271
116315254
116315253
116315252
11631525
11631525
11631525
116315249
116315236
116315188
116315186
116315184
116315184
116315182
116315134
116315113
116315078
116315125
116315163
116315142
116315165
116315196
116315252
1163153
116315291
116315291
116315289
116315288
116315288
116315286
116315309
116315307
116315307
116315307
116315305
116315304
116315303
116315303
116315303
116315302
116315303
116315303
116315304
116315305
116315315
116315361
116315413
116315478
11631549
116315438
116315398
116315396
116315396
116315395
116315393
116315391
116315389
116315388
116315388
116315387
116315362
11631535
116315349
116315347
116315342
116315343
116315343
116315344
116315355
116315372
116315372
116315372
116315371
116315369
116315366
116315362
116315359
116315357
116315354
116315349
116315347
116315345
116315344
116315343
116315343
116315342
116315334
116315332
116315331
116315331
116315326
116315303
116315314
116315309
116315299
116315273
116315283
116315268
116315295
116315309
116315268
11631524
116315238
116315238
116315238
116315236
116315233
116315236
116315236
116315236
116315235
116315233
116315231
116315232
116315232
116315231
116315232
116315232
116315231
116315231
116315232
116315232
116315232
116315221
116315231
11631523
11631523
116315229
116315229
116315227
116315226
116315226
116315225
116315223
116315221
11631522
116315217
116315218
116315219
116315217
116315217
11631522
116315237
116315237
11631524
116315238
116315238
116315232
116315198
116315196
116315196
116315197
116315197
116315197
116315197
116315203
11631521
116315218
116315217
116315217
116315216
11631523
116315216
116315203
116315203
116315203
116315206
116315208
116315208
116315209
116315209
116315209
116315208
116315205
116315196
116315195
116315195
116315194
116315213
116315211
116315217
116315219
11631522
116315221
116315222
116315222
116315223
116315224
116315224
116315218
116315205
116315205
116315204
116315204
116315202
116315199
116315141
116315126
116315126
116315127
116315129
116315173
116315276
116315365
116315381
116315347
116315347
116315339
116315308
116315307
116315306
116315308
11631531
11631531
116315309
116315304
116315304
116315303
116315298
116315292
116315297
116315284
116315272
116315245
116315233
116315233
116315234
116315253
116315295
116315327
116315387
116315426
116315426
116315427
116315428
116315428
116315428
116315413
116315427
116315428
116315427
11631543
11631543
116315432
116315452
116315496
116315474
116315449
116315447
116315446
116315446
116315446
116315447
116315461
116315468
116315451
116315442
116315409
116315407
116315407
116315407
116315405
116315386
116315299
116315231
116315209
116315292
116315389
116315437
116315395
116315357
116315355
116315351
116315349
116315349
116315346
116315345
116315343
116315341
116315341
116315339
116315337
116315337
116315335
116315334
116315334
116315333
11631533
116315327
116315325
116315323
116315321
116315321
116315321
11631532
116315337
116315336
116315334
116315333
11631533
116315327
116315326
116315326
116315327
116315312
116315297
116315297
116315296
116315243
116315156
116315064
116315026
116314995
116314995
116315
116315042
116315042
116315043
116315043
116315043
116315043
11631503
116314987
116314954
116314925
116314901
11631489
116314911
116314922
116314922
116314929
11631499
116315084
116315092
116315064
116315034
116315034
116315033
116315037
116315053
116315064
116315064
116315065
116315097
116315106
116315126
116315154
116315154
116315148
116315157
116315203
116315219
116315228
116315228
116315228
116315228
116315228
116315227
116315227
116315227
116315259
116315301
116315341
116315379
116315431
116315418
116315317
11631523
116315173
116315173
11631518
11631518
116315169
116315169
11631517
11631517
11631517
116315172
116315171
116315198
116315203
116315203
116315203
116315202
116315202
116315202
116315217
116315217
116315194
1163152
116315253
116315253
116315254
116315274
116315274
116315272
116315272
116315272
11631527
116315267
116315259
116315291
116315326
116315374
116315409
116315438
116315438
116315436
116315405
116315325
116315284
116315258
116315284
116315305
116315314
116315318
116315317
116315317
116315317
116315317
116315317
116315322
116315355
116315349
116315349
11631535
116315348
116315352
116315325
116315323
116315323
116315322
116315282
116315282
116315281
116315258
116315221
116315191
116315191
11631519
11631517
116315138
11631512
116315106
116315106
116315105
116315074
116315059
116315056
116315045
116315031
116315029
11631503
11631503
11631503
116315045
116315063
116315055
116315054
116315055
116315055
116315055
116315056
11631506
116315059
116315059
116315059
116315061
116315058
116315038
116315039
11631504
11631504
11631504
11631504
11631504
116315041
116315041
116315041
116315041
116315041
116315042
116315044
116315044
116315046
116315089
116315094
116315094
116315093
116315092
116315091
116315091
116315092
116315092
116315092
116315091
116315092
116315093
116315094
116315094
116315095
116315095
116315096
116315095
116315095
116315095
116315095
116315094
116315104
116315104
116315103
116315103
116315103
116315103
116315111
116315122
116315121
116315119
116315117
116315117
116315116
116315115
116315115
116315116
116315117
116315117
116315118
116315119
116315118
116315118
116315118
116315119
11631512
116315119
116315118
116315118
116315119
11631512
11631512
11631512
11631512
116315121
116315121
116315118
116315118
116315117
116315118
116315118
116315119
11631512
11631512
11631512
11631512
11631512
116315119
11631512
116315119
116315121
116315121
116315122
116315166
116315198
116315221
116315223
116315223
116315224
116315223
116315223
116315223
116315222
116315222
116315222
116315221
116315221
116315218
116315133
116315054
116314957
116314804
116314714
116314811
116314942
116315026
116315048
11631511
116315168
116315216
116315217
116315217
116315217
116315217
116315217
116315226
116315224
116315224
116315223
116315203
116315152
116315072
116315062
116315078
116315119
116315148
116315175
116315182
116315169
116315174
116315178
116315178
116315177
116315187
116315187
11631517
116315156
116315113
116315072
116315038
116315033
116315033
116315035
116315037
116315037
116315034
11631501
116315
116315
116314999
116315017
116315012
11631499
116314971
116314965
116314912
116314891
11631496
11631501
116315057
116315073
116315049
116315039
116315073
116315062
11631506
11631506
116315058
116315029
116315019
116315003
116314995
116314995
116314994
116314992
116315011
116315011
116315005
116314999
116314977
116314977
116314979
116314979
11631498
116315003
116315027
116315028
116315029
116315029
116315031
116315031
116315033
116315035
116315035
116315036
116315036
116315041
11631506
116315047
116315037
116315034
116315034
116315033
116315034
116315035
116315035
116315036
116315045
116315083
116315097
116315099
1163151
1163151
116315101
116315125
116315161
116315125
116315041
116314979
116314905
116314785
116314685
116314697
116314768
116314821
116314821
116314821
116314823
116314834
116314932
116314999
116315032
116315044
116315064
116315064
116315068
116315082
116315092
116315122
11631513
116315124
116315074
116315053
116315051
11631505
11631505
116315049
116315074
116315082
116315082
116315088
116315106
116315128
116315131
11631513
11631513
11631513
116315129
116315102
116315065
116315065
116315058
116315071
116315063
116315044
116315044
116315043
116315008
116315019
116315057
116315083
116315106
116315106
116315107
116315108
116315114
116315074
116315058
116315058
116315062
116315061
116315072
116315084
116315089
116315086
116315087
116315094
1163151
1163151
1163151
1163151
116315083
116315026
116314964
116314913
116314884
116314885
116314913
116314972
116314974
116314974
116314976
116315001
116315062
116315073
116315085
116315096
116315061
116315034
116315055
116315073
116315073
116315067
116315055
116315056
116315057
116315057
116315057
116315054
116315067
116315068
116315069
11631507
11631507
116315072
116315123
116315151
11631516
116315156
116315101
116314994
116314953
116314976
116314963
116314945
116315128
11631517
116315204
116315236
116315248
116315236
116315233
116315208
116315206
116315142
116315095
116315081
116315079
116315063
116315029
116314988
116314923
11631487
116314862
116314857
116314895
116314953
116314948
116314944
116314929
116314917
116314947
116314991
116314999
116314999
116315003
116314993
116314983
116314978
116315015
116315049
116315073
116315097
11631514
116315174
11631517
11631517
116315164
116315119
116315093
116315057
116315042
116315051
11631507
116315074
116315114
116315137
116315103
116315098
116315081
1163151
1163151
116315102
116315155
116315205
116315205
116315203
116315179
116315194
116315214
11631527
116315333
116315373
116315364
116315295
116315269
116315224
116315222
116315222
11631522
116315217
116315214
116315214
116315211
116315161
116315156
116315155
116315154
116315153
116315152
116315152
116315151
11631515
11631515
11631515
11631515
116315174
116315222
116315262
116315294
116315258
11631523
116315212
116315247
116315258
116315258
116315258
11631526
11631526
116315261
116315253
116315223
116315129
116315035
116314975
116314947
116315005
116315025
116315088
11631514
116315208
116315269
116315093
116315044
116315035
116315035
11631504
116315053
116315058
116315084
116315097
116315097
116315097
116315079
116315004
116314919
116314828
116314843
116314865
116314865
116314867
116314867
116314872
116314902
116314967
116315006
116315008
116315011
116315013
116315013
116315016
116315018
116315019
116315019
116315022
116315058
116315092
116315092
116315097
116315109
116315099
116315099
116315097
116315102
116315122
116315133
116315133
11631514
116315177
116315203
116315201
116315202
116315203
116315202
1163152
116315201
116315201
116315201
116315196
116315195
116315196
116315197
116315198
116315198
116315198
116315198
116315198
116315217
116315226
11631525
116315244
11631524
116315239
116315238
116315238
116315239
116315257
116315269
116315214
116315182
116315173
116315173
116315167
116315135
116315135
116315135
116315156
116315218
116315219
11631522
11631522
116315221
116315221
11631522
116315225
116315244
116315229
116315186
116315184
116315184
116315183
116315134
116315131
116315123
116315123
116315123
116315124
116315125
116315124
116315124
116315121
11631515
116315169
116315183
116315174
116315174
116315173
116315138
116315099
116315099
116315098
116315064
116315062
11631506
116315059
116315059
11631506
116315064
116315053
116315054
116315055
116315055
116315055
116315064
116315058
116315058
116315059
116315066
116315066
116315065
116315066
116315066
116315066
116315093
116315112
116315122
116315192
116315301
116315367
116315377
116315368
116315368
116315367
116315366
116315376
116315337
116315283
116315281
116315279
116315279
116315278
116315246
116315253
116315243
116315249
116315256
116315255
116315255
116315254
116315254
116315254
116315254
116315253
116315251
11631521
116315182
116315166
116315162
11631516
11631516
116315159
116315155
116315108
116315105
116315105
116315103
116315107
116315127
116315131
116315132
116314942
116314894
116314886
116314886
116314886
116314886
116314886
11631487
116314847
116314829
116314866
116314866
11631487
116314868
116314862
116314875
11631496
116315038
116315049
116315032
116315011
116315004
116314988
116314982
116314891
116314802
116314814
116314828
116314801
1163148
116314871
116314906
116314979
116315056
116315045
116314959
116315037
116315305
116315351
116315333
116315321
116315309
116315221
116315134
11631508
11631506
116315042
11631503
116314998
116314961
116314914
116314892
116314876
116314832
116314784
116314771
116314751
116314749
116314749
116314747
11631467
116314593
116314546
11631454
116314548
11631455
116314582
116314635
116314635
116314666
116314685
11631471
116314754
116314801
116314748
11631469
11631465
116314679
116314578
116314575
116314565
116314639
116314682
116314787
116314837
116314887
11631492
116314927
116314851
116314722
116314631
116314523
116314439
116314549
116314613
116314732
116314836
116314908
116314991
116315006
116315031
116315114
11631512
116315092
116315002
116314906
116314788
116314655
116314605
116314629
116314582
116314633
116314738
116314822
116314892
116314979
116315026
116315057
11631507
116315135
116315152
116314934
116314867
116314825
116314873
116314842
116314842
116314842
116314845
116314885
116314955
116314973
116314973
116314973
116314974
116314977
116314979
116314981
116314982
116314984
116314985
116314986
116314988
116314988
11631499
116315054
116315137
116315192
116315247
116315253
116315253
116315252
11631525
116315232
116315195
11631519
116315189
116315189
116315187
116315123
116315074
116315068
11631505
116315036
116315035
116315035
116315035
116315037
116315038
116315038
116315039
11631504
11631504
116315041
116315044
116315044
116315045
116315048
116315036
116315037
116315038
116315038
116315038
116315028
116315002
116315
116315
116314999
116314999
116314999
116314999
116315002
116315027
116315031
116315029
116315028
116315026
116315026
116315025
116315013
116315017
116315016
116315016
116315015
116314988
116314964
116314964
116314967
116314967
116314967
116314967
116314942
116314931
116314931
116314931
11631493
11631493
116314929
116314941
116314978
116315023
116315024
116315002
116315002
116315002
116315202
116315204
116315227
116315255
116315324
116315275
11631527
11631527
116315269
116315229
116315174
116315089
116315009
116314994
116315019
116315095
116315129
116315129
116315129
116315128
116315127
116315127
116315126
116315081
116315071
116315071
11631507
116315036
11631498
116314983
116314996
116315005
116315034
116315086
116315086
116315087
116315108
116315178
116315178
116315179
116315168
116315151
116315096
116315029
116314974
116314954
116314931
116314852
116314802
116314764
116314784
116314807
116314864
116314889
116314903
116314916
116314898
116314907
116314918
116314901
116314935
116314946
116314948
116314948
11631495
116314954
116314951
11631495
11631495
11631495
116314983
116315014
116315032
116315052
116315025
116315013
116315013
116315014
116315051
116315087
116315087
116315086
116315083
116315074
116315074
116315074
116315073
116315073
116315071
116315042
116315022
116315015
116314945
116314933
116314933
116314933
116314933
116314978
116314997
116315017
116315028
116315028
116315027
116314992
116314994
116314995
116314996
116314996
116314997
116314996
116314996
116314996
116314996
116314995
116314996
116314995
116314995
116314995
116314994
116314975
116314912
116314858
116314801
116314822
116314822
116314824
116314869
116314932
116314933
116314935
116314935
116314934
116314919
116314922
116314921
116314921
116314921
116314921
116314919
116314918
116314918
116314917
116314932
116314932
116314932
116314933
116314948
116314942
116314906
116314892
116314883
116314885
116314862
116314866
116314871
11631487
116314871
116314871
116314872
116314872
116314872
116314872
116314912
116314928
116314966
116315014
116315053
116315062
116315069
116315058
116315058
116315058
116315057
116315032
116315039
116315043
116315043
116315045
116315044
116315043
116315042
116315042
116315042
116315044
116315045
116315046
116315046
116315046
116315059
116315092
116315094
116315096
116315096
116315096
116315099
11631509
116315094
116315095
116315096
116315096
116315096
116315089
116315099
116315121
116315107
116315077
11631507
11631507
116315072
116315072
116315072
116315072
116315074
116315075
116315077
116315077
116315078
116315077
116315077
116315077
116315078
116315078
116315078
116315078
116315077
116315077
116315037
116315009
116314927
116314848
116314902
11631497
116315044
116315066
116315066
116315066
116315052
116315078
116315066
116315038
116315023
116315023
116315024
116315023
116315024
116315023
116315023
116315023
116315023
116315022
116315069
116315128
116315111
116315096
116315095
116315094
116315092
116315093
116315092
116315092
116315092
116315092
116315105
116315134
116315175
116315197
116315159
116315112
116314967
116314958
116314954
116314954
116314954
116314955
116315043
116315097
116315058
116314969
116315231
116315291
116315307
116315286
116315254
116315246
116315211
116315203
116315203
116315202
116315261
116315262
116315263
116315264
116315263
116315262
11631526
11631526
116315258
116315184
116315087
116314978
116314912
116314877
11631488
116314879
116314879
116314879
116314865
116314864
116314866
116314869
11631487
116314871
116314871
116314872
116314872
116314875
116314978
116314984
116314985
116314985
116314986
116314987
116314977
116314976
116314978
11631498
11631498
116314982
116315
116315049
116315063
116315063
116315063
116315064
116315064
116315063
116315049
116315026
116315029
11631512
116315283
116315376
116315399
116315428
116315434
116315411
11631539
116315414
116315441
116315505
116315556
116315571
116315627
116315709
116315815
116315867
116315867
116315871
116315874
116315876
116315876
116315878
116315929
116315967
116316026
116316025
116316025
116316025
116316024
116316023
116316023
116316022
116315974
116315918
116315839
116315837
116315836
116315835
116315832
116315832
116315829
116315824
116315831
116315793
116315795
116315806
116315782
11631581
116315765
116315629
116315629
116315625
116315432
116315186
116315074
116315079
116315064
11631507
116315073
116315075
116315077
116315077
116315081
116315111
116315209
116315265
116315314
116315316
11631538
116315454
116315427
116315426
116315426
116315425
116315395
116315395
1163154
116315446
116315446
116315448
116315564
116315652
11631566
116315637
116315504
116315428
116315348
116315391
116315364
116315372
116315373
116315369
116315366
116315366
116315364
116315233
116315033
116314911
11631481
11631481
116314818
116314883
116314946
116315046
116315028
116314995
116314984
116314985
116314985
116314984
116315082
116315164
116315132
11631522
116315229
11631514
116315268
116315268
116315268
116315144
116315041
116314961
116314976
116315
116314967
116314956
116314979
11631504
11631512
116315195
116315264
116315386
116315429
116315429
116315431
116315457
116315471
116315498
116315543
11631556
116315558
116315557
116315556
116315556
116315556
116315555
116315555
116315555
116315554
116315582
116315638
116315633
116315676
11631578
116315923
116316055
116316151
116316276
116316308
11631618
116315852
116315696
116315602
116315593
116315563
116315504
11631545
11631544
116315469
11631549
11631547
116315466
116315566
116315756
116315932
116315956
116315984
116316068
116316044
116315965
116315976
116316063
116316173
116316315
116316433
116316368
116316299
11631612
116316105
116316087
11631608
116316051
11631604
116315997
116315987
116315987
116315986
116315973
116315957
116315957
116315957
116315958
116315956
116315916
116315872
1163159
116315912
116315913
116315912
11631591
11631591
11631591
116315908
116315908
116315908
116315907
116315893
116315823
1163158
116315766
116315745
116315733
116315651
116315597
116315551
116315511
11631545
116315424
116315425
11631546
116315526
116315532
116315469
116315489
116315516
116315441
116315308
11631521
116315123
116315036
116314925
116315054
116315121
116315182
116315283
116315448
116315532
11631554
11631553
116315526
116315518
116315506
11631551
11631551
116315508
116315469
116315459
116315472
1163155
1163155
116315506
116315528
116315554
116315595
116315631
116315653
116315645
116315642
116315675
116315654
116315631
116315655
116315664
116315709
116315695
116315649
116315662
116315662
116315669
116315705
116315759
11631577
116315753
116315707
116315662
116315641
116315644
116315623
116315612
116315613
116315613
116315614
116315611
116315611
116315605
116315537
116315449
116315378
116315325
116315244
116315164
116315164
116315164
116315197
116315187
116315247
116315331
116315413
116315481
116315559
116315562
116315562
116315564
116315644
116315715
11631578
116315811
116315811
116315814
116315797
116315727
116315696
116315696
116315691
116315679
116315708
116315702
116315653
116315662
116315669
116315634
116315634
116315628
116315611
116315538
116315528
116315539
116315586
116315521
116315413
116315413
116315419
116315473
116315515
11631542
116315281
116315268
116315272
116315352
116315458
116315512
116315523
116315528
116315513
116315581
116315637
116315601
116315506
116315426
116315249
116315163
116315058
116314866
116314688
116314466
116314395
116314283
116314397
116314682
116314686
116314686
116314686
116314672
116314943
116315148
116315097
11631498
116314952
116314938
116315074
116315206
116315344
116315255
116315145
116315021
116314967
116314983
11631502
11631501
116315002
116315014
116314987
116314905
11631482
116314811
116314835
116314997
116315174
116315231
116315289
116315327
116315312
11631533
11631528
11631526
1163153
116315333
116315345
116315363
116315376
116315372
116315111
116315022
116315023
116315023
116315023
116315023
116315021
11631502
11631502
116315018
116315009
116314967
116314927
11631493
11631493
11631493
116314932
116314936
116314938
116314962
116314968
116314968
116314971
116314976
116314976
11631498
116315057
116315189
116315272
116315251
116315249
116315248
116315246
116315245
116315244
116315244
116315244
116315244
116315244
116315244
116315246
116315248
11631525
116315249
11631525
116315251
116315251
116315249
116315229
116315228
116315249
116315266
116315359
116315359
116315361
116315277
116315225
116315216
116315223
116315356
116315427
116315443
116315381
116315377
116315384
116315383
116315383
116315387
116315433
116315511
116315509
116315508
116315506
116315506
116315506
116315531
116315576
116315636
116315667
116315643
116315653
116315651
116315659
116315659
116315662
116315723
116315677
116315488
116315391
116315366
116315354
116315353
116315355
116315356
116315357
116315357
116315357
116315356
116315356
116315356
116315356
116315355
11631529
116315029
116314845
11631476
116314692
116314698
116314712
116314722
116314702
116314653
116314568
116314535
116314461
116314424
116314424
116314418
116314422
116314455
116314606
116314984
116315399
116315587
116315545
116315416
116315344
11631526
116315201
116315201
116315205
116315258
116315362
116315362
11631537
116315424
116315476
116315482
116315474
116315484
116315484
116315492
116315524
116315545
116315561
116315597
116315592
116315568
116315632
116315655
116315676
116315692
116315692
11631569
11631569
116315689
116315625
116315624
116315624
116315624
116315623
116315622
116315622
116315621
116315596
116315573
116315538
116315512
116315512
116315512
116315512
116315513
116315513
116315497
116315471
116315425
116315382
116315346
116315346
116315344
116315344
116315343
116315342
116315342
116315342
116315342
116315342
116315341
116315347
116315347
116315347
116315347
116315348
11631536
116315372
116315384
116315386
116315386
116315384
116315383
116315383
116315383
116315383
11631538
11631538
116315378
116315353
116315204
116315047
116314903
116314784
11631467
116314567
116314582
116314583
116314583
116314584
116314598
116314649
116314676
116314722
116314737
116314737
116314734
116314766
116314777
116314789
116314789
116314789
116314788
116314815
116314875
11631493
116315021
116315047
116315064
116315094
116315113
116315112
116315112
116315112
116315112
116315139
116315176
116315196
116315165
11631516
116315159
116315159
116315159
116315145
116315131
116315131
11631513
116315129
116315128
116315128
116315129
116315149
116315134
116315158
116315159
116315159
116315159
116315161
116315163
116315163
116315168
11631519
116315193
116315206
116314966
116314966
116314936
116314922
116314922
116314923
116314986
116315032
116315044
116315065
116315066
116315055
116315022
116314997
116315017
116315081
116315121
11631514
116315167
1163152
116315191
116315184
116315184
116315184
116315184
116315183
116315183
116315183
116315184
116315186
116315186
116315187
116315214
116315246
116315253
116315254
116315254
116315254
116315254
116315291
116315342
11631536
116315397
116315402
116315402
116315401
116315382
116315351
11631535
11631535
11631535
116315348
116315276
116315197
116315197
116315195
116315194
116315194
116315194
116315196
116315197
116315199
1163152
116315199
116315201
1163152
1163152
116315198
116315198
116315195
116315149
116315114
116315143
11631516
116315161
116315161
116315164
116315156
116315157
116315158
116315158
116315158
116315158
116315159
116315165
116315162
116315165
116315165
116315165
116315162
11631516
116315158
116315158
116315158
116315158
116315147
116315147
116315147
116315098
116315098
116315096
116315101
116315103
116315141
116315194
116315204
116315189
116315188
116315188
116315187
116315186
116315185
116315184
116315182
11631518
116315178
116315177
116315066
116315053
116315045
116315046
116315047
116315047
116315046
116315083
116315087
116315087
116315085
116315084
116315085
116315109
116315117
116315114
116315053
116315026
116315048
116315062
116315085
116315072
116315072
116315072
116315072
116315072
116315096
116315118
116315135
116315092
116315064
116315064
116315064
116315065
116315065
116315066
116315115
116315115
116315116
116315136
116315158
116315115
116315115
116315113
116315083
116315048
116315048
116315051
116315064
116315063
116315038
116315051
116315033
116315033
116315036
116315015
116315033
116315055
116315075
116315076
116315076
116315075
116315075
116315075
116315075
116315095
116315106
116315109
116315103
116315102
116315102
1163151
116315097
116315082
116315107
116315107
116315115
116315116
116315132
116315132
116315132
116315133
116315158
116315143
116315143
116315142
116315117
116315074
116315084
116315112
116315124
116315124
116315127
116315215
1163153
116315322
116315322
116315322
116315323
116315322
116315293
116315236
116315218
116315218
116315217
116315199
116315188
116315188
116315187
1163152
116315201
116315209
116315209
116315209
116315207
116315206
116315205
116315203
116315201
116315201
116315196
11631518
11631518
11631518
11631518
116315182
116315171
116315179
116315169
116315137
116315102
116315059
116315032
116315071
116315099
116315122
116315124
116315125
116315134
116315145
116315158
11631517
116315181
116315181
116315175
116315169
116315177
116315178
116315178
116315178
116315177
116315187
116315189
116315169
116315193
116315204
116315224
116315245
116315249
116315249
116315248
116315224
116315206
116315209
116315209
116315209
116315224
116315224
116315228
116315217
116315215
116315215
116315207
116315172
116315142
116315113
116315086
116315078
116315078
116315078
116315095
116315146
116315179
116315162
116315182
116315181
116315181
11631518
116315134
116315127
116315127
116315125
116315108
116315089
116315089
116315086
116315111
116315112
116315112
116315113
116315113
116315114
116315118
116315122
116315125
116315125
116315118
116315106
1163151
116315084
116315093
116315094
116315094
116315095
116315108
116315108
116315109
116315107
116315106
116315106
116315106
116315107
116315108
116315108
116315108
116315107
116315107
116315107
116315107
116315103
116315102
11631509
11631506
116315066
116315066
116315066
116315079
116315079
116315079
116315079
11631508
11631508
116315077
116315087
116315045
116315045
116315044
116315038
116315029
116315002
116314947
116314929
116314922
116314924
116314924
116314923
116314927
116314929
116314931
116314931
116314931
116314932
116314931
116314931
116314929
116314932
116314942
116314943
116314943
116314942
11631494
11631494
116314939
116314939
116314939
116314938
116314943
116314986
116315104
116315278
116315394
116315387
116315387
116315389
116315361
116315338
116315299
116315235
116315172
116315163
116315163
116315162
116315152
11631511
116315087
116315088
116315089
116315089
116315089
11631509
116315113
116315131
116315136
116315136
116315138
116315138
116315138
116315137
116315144
116315141
116315141
116315149
116315154
116315162
116315162
116315162
116315161
116315143
116315133
116315133
116315139
116315113
116315109
116315129
116315129
116315131
116315124
116315121
116315121
116315119
116315119
11631512
11631512
116315143
116315157
116315158
116315158
116315158
116315154
116315178
116315178
116315181
116315163
116315117
116315107
116315052
116314948
116314906
116314894
116314918
116314918
116314919
116314921
116314921
116314923
116314938
116315003
116315069
11631512
116315101
116315084
116315085
116315084
116315084
116315084
116315089
116315095
116315095
116315095
116315096
116315081
116315075
116315075
116315074
116315074
116315092
116315093
116315093
116315093
116315099
11631514
116315158
116315184
116315213
116315214
116315214
116315215
116315215
116315215
116315216
116315216
116315216
116315215
116315215
116315216
11631523
116315246
116315241
116315241
11631524
11631524
11631524
116315242
116315244
116315244
116315244
116315245
116315245
116315246
11631525
116315263
11631525
116315229
116315212
116315212
116315211
11631519
116315129
116315078
11631501
116314962
116314928
11631496
116315013
116315029
116315048
116315064
116315084
116315084
116315084
116315084
116315083
116315084
116315084
116315089
116315089
116315104
116315128
116315128
116315128
116315122
116315105
116315105
116315105
116315103
116315102
116315102
116315103
116315103
116315103
116315103
116315104
116315059
116315021
116315038
116315039
116315039
116315039
116315039
116315036
116315023
116315023
116315023
116315023
116315023
116315032
116315057
116315057
116315058
116315026
11631498
116315007
116315026
116315051
116315089
116315061
116315035
116315019
116315019
116315017
116315016
116315016
116315017
116315025
116315012
116314975
116314944
1163149
116314859
116314815
116314813
116314817
11631484
116314885
116314926
116314939
11631494
116314941
116314941
116314949
116314997
116315016
116315034
116315066
116315087
116315087
116315086
116315086
116315086
116315085
116315086
116315086
116315086
1163151
116315093
116315046
116315033
116315027
116315028
116315028
116315027
116315038
116315037
116315037
116315037
116315038
116315044
116315056
116315059
116315084
116315102
116315103
116315103
116315103
116315104
116315104
116315103
116315103
116315102
116315101
116315102
116315103
116315103
116315101
1163151
116315097
116315096
116315095
116315095
116315095
116315095
116315096
116315079
116315057
116315055
116315081
116315122
116315136
116315136
116315136
116315135
116315135
116315134
116315134
116315134
116315135
116315137
116315143
116315141
116315141
11631514
116315125
116315124
116315121
116315121
11631512
11631513
116315152
116315178
116315178
11631518
116315218
116315267
116315268
116315267
116315267
116315267
116315266
116315265
116315265
116315265
116315264
116315252
116315254
11631525
116315251
11631525
116315253
116315256
116315259
116315259
116315259
116315278
116315274
116315276
116315277
116315278
116315278
116315272
116315272
116315271
116315271
11631527
116315299
11631518
116315158
116315054
116315053
116315054
116315054
116315054
116315055
116315078
116315088
11631509
11631509
116315091
116315092
116315092
116315092
116315076
116315052
116315066
116315065
116315048
116315001
116315
116315
116314999
116314998
11631497
11631495
116314954
116314934
116314942
116314955
116314937
116314949
116314945
116314933
116314908
116314892
116314891
116314919
11631492
116314921
11631492
116314936
116314945
116314945
116314953
11631496
116315018
116315066
116315074
116315043
116315067
116315103
116315115
116315087
116315039
116315011
116314982
116314986
116315006
116314998
116314997
11631503
116315071
116315107
116315114
116315074
116315033
116315057
116315127
116315239
116315331
116315421
116315501
116315515
116315491
116315261
116315094
116315048
116315031
116315046
116315027
116314984
116314961
116314957
116314957
116314956
116314933
116314923
116314944
116314995
116315058
116315071
116315059
11631505
116314997
116314951
116314945
116314955
116314928
116314865
116314866
116314886
116314886
116314886
116314883
116314895
116314889
116314862
116314836
116314801
116314766
116314834
116314941
116315015
116315065
116315118
116315181
116315237
116315293
116315356
116315408
116315429
116315459
11631536
116315219
116315105
116314934
116314807
116314799
11631484
116314887
116314943
116314924
116314897
116314886
116314887
116314871
116314829
116314834
116314843
116314908
116314966
116314985
116314985
116314986
116315018
116315033
116315051
116315051
116315043
116315035
11631505
116315083
116315125
116315183
11631527
116315414
116315562
116315663
116315616
116315616
116315613
116315583
11631565
116315656
116315615
116315491
116315456
116315329
116315098
116315034
116314978
116314896
116314877
116314859
116314827
116314827
11631482
116314819
116314819
116314816
116314795
11631486
116314939
116315003
11631506
116315119
116315117
116315122
116315082
116315062
11631505
116315009
116315028
116315037
116315017
116314968
116314896
116314882
116314879
116314872
11631486
116314845
116314815
116314794
116314798
1163148
116314819
116314854
116314854
116314851
116314858
116314869
116314906
116314897
116314995
116315067
116315123
11631519
116315248
116315302
116315309
116315283
116315271
116315271
116315269
116315271
116315266
116315264
116315237
116315233
11631522
11631518
116315214
116315204
116315203
116315204
116315202
116315202
116315201
116315114
116315043
11631498
116314942
116314942
116314962
116315033
116315119
11631518
116315196
11631521
116315291
116315318
116315305
116315254
116315119
116315087
116315024
11631501
116315026
11631503
11631503
116315031
11631498
116314918
116314889
116314849
116315022
116315067
116315082
116315112
116315152
11631518
116315181
116315181
116315183
116315188
116315197
116315231
116315232
116315233
116315233
116315235
11631526
116315263
116315263
11631527
116315261
116315252
116315214
116315244
116315268
116315273
116315331
11631534
116315317
116315237
116315081
116315274
116315421
116315449
116315431
116315429
116315427
116315427
116315425
116315381
116315336
116315283
116315233
11631521
116315183
116315134
116315215
116315268
116315259
116315223
116315181
116315201
116315225
116315238
116315239
116315239
116315239
11631522
116315205
116315205
116315204
116315204
116315202
116315177
116315121
116315096
116315055
116315011
116315014
116315017
116315025
116315039
11631504
116315047
116315047
116315048
116315048
116315052
116315046
116315046
116315045
116315045
116315045
116315043
116315047
116315075
116315075
116315076
116315101
116315099
116315098
11631508
116315066
116315038
116315279
116315381
116315481
116315572
116315641
116315699
11631574
116315728
116315657
116315416
116315387
116315416
11631528
116315116
116315047
116315054
116315042
116315027
116315017
116314993
116315027
116315066
116315077
116315026
116314973
116314929
116314929
116314962
11631502
1163151
116315162
11631523
116315274
116315293
116315271
116315271
116315244
116315205
116315216
116315212
116315212
116315206
116315191
116315185
116315185
11631519
116315199
116315233
116315259
11631533
116315384
116315435
116315416
116315407
116315383
116315302
116315277
116315259
116315176
116315162
116315125
116315026
116314976
116314954
116314925
116314894
116314732
116315038
11631505
116315066
116315066
116315068
116315032
116314992
116314933
116314944
116314988
116314979
116314955
116314923
116314895
116314895
116314926
116314935
116314992
11631503
116315058
116315078
116315108
116315164
116315157
116315128
116315105
116315076
11631502
116314987
116314929
116314873
116314839
116314821
116314831
116314898
116314964
11631501
116314969
116314943
116314936
116314901
116314899
116314949
116314969
116314956
116314939
116314925
11631493
116314911
1163149
116314871
116314825
116314779
116314801
116314816
116314837
116314869
116314868
116314859
11631485
11631485
116314851
116314867
116314863
116314864
116314796
116314772
11631473
116314725
116314721
116314717
116314717
116314714
116314605
11631453
116314548
116314593
11631464
116314684
116314659
116314629
116314729
116314822
116314811
116314797
11631477
116314739
11631476
116314822
116314874
116314946
11631503
116315076
11631513
116315172
116316007
116315575
116315427
116315236
116315181
116315195
116315159
116315138
116315111
116315079
116315023
116314929
116314891
116314872
116314878
116314838
116314765
116314693
11631465
116314657
11631469
116314749
116314824
116314866
116314892
116314928
116314947
116315113
116315113
116315113
116315112
116315112
11631512
116315103
116315111
116315103
116315101
116315099
116315099
1163151
116315102
116315102
116315104
116315141
116315103
116315102
116315102
116315099
116315126
116315141
116315137
116315106
116315106
116315105
116315082
116315078
116315045
116315037
116315036
116315036
116315036
116315033
116315037
116315003
116315
116315005
116315005
116315001
116315011
116315041
116315075
116315119
116315124
116315033
116314996
11631494
116314955
116315041
1163151
116315131
116315198
116315243
116315251
116315251
116315251
11631523
116315196
116315163
116315151
116315151
116315152
116315152
11631515
11631515
116315149
116315142
116315146
116315171
116315194
116315188
116315175
116315155
116315137
11631513
116315137
116315193
116315244
116315268
116315301
116315322
116315388
116315428
116315428
116315427
116315426
116315426
116315425
116315395
116315392
116315384
116315383
116315384
116315385
116315383
116315383
116315382
116315365
116315348
116315366
116315397
11631544
116315466
116315502
116315526
116315525
116315525
116315525
116315524
116315542
116315563
116315562
116315561
116315561
116315561
116315562
116315569
116315563
116315563
116315563
116315561
116315535
116315488
116315429
116315416
116315415
116315415
116315407
116315409
116315408
116315407
116315408
116315408
116315409
116315408
116315408
116315407
116315394
116315395
116315395
116315396
116315393
116315391
116315401
116315401
116315407
116315421
116315412
116315391
116315391
116315391
11631539
116315395
116315402
116315402
116315401
116315401
116315401
116315401
116315388
116315388
116315388
116315367
11631534
116315303
116315296
116315287
116315267
11631526
116315269
116315248
116315199
116315199
116315191
116315173
116315173
116315176
116315121
116315147
11631515
116315123
116315122
116315122
116315123
116315121
11631507
116314986
116315057
1163151
116315124
116315132
116315132
116315133
116315134
116315134
116315134
116315134
116315103
116315112
116315094
11631506
11631506
11631506
116315058
116315032
116315032
116315037
116315047
116315047
116315047
116315046
116315045
116315042
116315042
11631504
116314997
116314947
116314963
11631496
11631496
116314959
116314942
116314907
116314886
116314859
116314874
11631491
11631491
11631491
116314893
116314893
116314892
116314883
116314881
116314879
116314879
116314878
116314894
116314897
116314902
116314902
116314906
116314909
116314984
116315028
116315029
116315031
116315032
116315032
116315034
116315043
116315042
116315027
116315022
116315022
11631502
116315002
116314971
11631501
116315011
116314984
116314986
116314989
116314992
116314992
116314994
116315005
116315032
116315033
116315033
116315032
116315066
116315074
116315093
116315092
116315092
116315092
116315097
116315125
116315125
116315124
11631513
116315129
116315135
116315135
116315139
116315149
116315149
116315149
116315148
116315149
116315149
116315149
11631515
116315149
116315148
116315148
116315147
116315147
116315147
116315147
116315138
116315131
11631513
116315128
116315125
116315125
116315124
116315111
116315111
116315104
116315102
116315102
116315102
116315102
116315109
116315095
116315078
116315097
116315096
116315096
116315096
116314835
116314787
116314767
116314777
11631479
116314791
116314792
116314794
116314798
116314798
116314801
116314926
116314926
116314929
116314929
11631493
116314931
116314931
116314932
116314907
116314934
11631497
116314981
116315004
116315018
116315059
116315077
116315092
116315113
116315125
116315126
116315126
116315125
116315124
116315123
116315122
11631512
116315119
116315116
116315116
116315122
11631509
11631505
116315012
116314996
116314969
116314987
116314991
116314999
116314973
116314973
11631497
116314978
116314978
116314978
116315072
116315101
116315101
116315102
116315102
116315102
116315102
116315103
116315098
116315084
116315084
116315084
116315084
116315084
116315093
116315093
116315093
116315091
116315091
116315111
116315112
116315113
116315112
116315112
116315112
116315112
116315112
116315096
116315096
116315098
116315112
11631513
116315129
116315128
116315126
116315124
116315124
116315125
116315126
116315126
116315125
116315124
116315122
116315121
116315119
116315118
116315117
116315117
116315116
116315116
116315115
116315102
116315101
116315101
116315136
116315164
116315184
116315183
116315183
116315183
116315181
116315156
116315145
116315145
116315145
116315143
116315099
116315049
116315046
11631506
116315078
116315078
116315078
116315079
116315079
116315079
116315079
116315081
116315102
1163151
1163151
1163151
116315098
116315079
116315063
116315064
116315064
116315065
116315065
116315066
116315041
116315076
116315094
116315123
116315124
116315124
116315124
116315124
116315124
116315124
116315124
116315124
116315124
116315124
116315124
116315101
116315111
11631513
11631513
11631513
116315129
116315144
116315154
116315159
11631516
11631516
11631516
116315157
116315148
116315185
116315197
116315192
11631519
116315188
116315186
116315186
116315183
11631518
116315133
116315008
116314925
116314886
116314893
116314934
116314918
116314907
116314906
116314905
116314905
116314905
116314905
116314905
116314906
116314906
116314906
116314906
116314907
116314907
116314908
116314908
116314908
116314908
116314908
116314922
116314952
116314954
116314954
116314955
116314955
116314956
116314956
116314956
116314957
116314958
116314958
116314958
116314957
116314966
11631501
116315017
116315015
11631503
116315043
116315044
116315044
116315045
116315045
116315045
116315044
116315043
116315042
116315043
116315044
116315044
116315044
116315043
116315044
116315046
116315047
116315048
116315048
116315047
116315047
116315046
116315046
116315045
116315043
116315043
116315042
116315042
11631503
116315022
11631502
11631502
116315015
116315071
116315086
116315088
116315089
116315092
116315094
116315096
116315096
116315097
116315098
116315099
116315099
116315097
116315098
116315098
116315098
116315098
116315111
116315135
116315152
116315152
116315152
116315152
116315151
116315151
11631515
11631515
116315182
116315182
116315183
116315171
116315152
116315152
11631515
116315124
116315124
116315124
116315124
116315122
116315121
116315119
116315119
116315118
116315087
116315061
116315062
116315063
116315062
116315062
116315062
116315062
116315061
11631506
116315059
116315059
116315057
116315055
116315055
116315053
116315014
116314964
116314934
116314944
116314953
116314965
116315047
116315105
116315105
116315099
116315112
11631512
116315121
116315122
116315122
116315122
116315115
116315094
116315094
116315093
116315092
116315071
116315071
11631522
116315234
116315211
116315182
116315182
116315197
116315194
116315185
116315181
116315181
116315178
116315152
11631512
116315068
116315007
116314979
116314976
116314976
116314975
116314975
116314976
116314976
116314978
116314979
11631498
11631498
11631498
116314995
11631496
116314941
116314945
116314923
116314912
116314912
116314986
116315051
116315085
116315084
116315084
116315084
116315083
116315058
116315018
116314954
116314927
116314884
116314884
116314865
116314801
116314813
116314809
116314808
116314809
116314809
116314809
116314832
116314854
116314804
116314766
116314767
116314768
11631477
11631477
116314773
116314803
116314843
116314872
116314886
116314924
116314923
116314923
116314922
116314928
116314935
116314929
116314929
116314937
116314952
116315026
116315027
116315062
11631506
11631506
11631506
11631506
116315081
116315089
11631513
116315168
116315171
116315189
116315207
116315247
116315266
116315265
116315256
116315275
116315252
1163152
116315166
116315123
116315094
116315092
116315092
116315092
116315091
116315091
11631509
116315055
116315056
116315075
116315141
116315168
116315159
116315155
116315154
116315153
116315152
116315152
116315152
116315151
116315166
116315193
11631518
116315157
116315133
116315117
116315139
116315138
116315121
116315119
116315119
116315119
116315115
11631511
116315097
116315083
116315073
116315073
116315073
116315073
116315073
116315074
116315073
116315073
116315073
116315071
116315071
11631507
116315069
116315065
116315071
116315071
116315074
116315081
116315105
116315133
116315119
116315119
116315115
116315085
116315052
116315076
116315118
116315158
116315189
116315226
11631523
11631523
116315235
116315235
116315235
116315233
116315275
116315305
116315305
116315298
116315282
116315258
116315292
116315357
116315356
116315348
116315358
116315339
116315338
116315338
116315337
116315337
116315336
116315335
116315335
116315335
116315335
116315337
116315335
116315335
116315331
116315305
116315285
116315297
116315322
116315343
116315361
116315363
116315335
116315323
116315304
116315194
116315091
11631501
116314951
116314896
116314966
116315085
116315195
116315259
116315259
116315258
116315234
116315228
116315219
116315219
11631522
116315236
116315257
116315255
116315254
116315252
116315251
116315248
116315247
116315247
116315247
116315226
116315293
116315329
11631531
116315339
116315325
116315267
116315254
116315237
116315219
116315219
116315214
116315205
116315205
116315206
116315208
116315231
116315281
116315307
116315336
116315336
116315336
116315339
116315207
116315142
116315132
11631515
116315178
116315193
116315175
116315147
116315139
11631514
11631514
116315141
116315141
116315139
116315139
116315138
116315151
116315151
116315155
116315166
11631517
116315169
116315169
116315169
116315168
11631517
11631516
11631516
11631516
116315137
116315121
11631514
11631514
116315141
11631514
11631547
116315471
11631547
11631547
116315469
116315461
116315434
116315424
116315355
116315308
11631529
116315311
116315311
116315307
116315308
116315295
116315233
116315185
116315174
116315165
116315128
116315126
116315164
116315195
116315195
116315189
116315192
116315192
116315191
116315191
116315193
116315193
116315194
116315194
116315195
116315208
116315255
116315262
116315263
116315263
116315263
116315265
116315322
116315322
116315324
116315327
116315333
116315398
116315455
116315516
116315514
116315505
116315474
116315448
116315438
116315448
116315436
116315449
116315395
116315395
116315403
116315409
116315429
116315458
116315461
116315472
116315207
116315121
116315105
116315104
116315104
116315104
116315104
116315094
116315095
116315125
116315203
116315296
116315332
116315339
11631533
116315322
116315293
116315286
116315292
116315277
116315247
116315224
116315216
116315156
116315154
116315154
116315155
116315154
116315155
116315184
116315228
116315249
116315248
116315248
116315248
116315247
116315239
116315239
116315238
116315219
116315192
1163152
116315218
116315225
116315225
116315225
116315225
116315199
116315192
116315184
116315191
11631523
116315241
116315195
116315194
116315194
116315193
116315192
116315192
116315191
116315191
116315191
116315193
116315193
116315193
116315193
1163152
116315194
116315195
116315195
116315195
116315195
116315221
116315222
116315221
116315221
11631522
116315219
116315218
116315218
116315218
11631522
11631522
116315236
116315221
11631524
116315249
11631523
116315225
116315225
116315224
116315234
116315254
116315246
116315233
116315225
116315224
116315224
116315224
116315223
116315223
116315223
116315223
116315211
116315203
116315238
116315296
116315346
116315378
116315357
116315356
116315356
116315357
116315357
116315357
116315356
116315356
116315355
116315344
116315301
116315299
116315299
116315299
116315276
116315265
116315264
116315263
116315263
116315262
116315262
116315261
116315241
116315236
116315236
116315234
116315213
116315175
116315174
116315173
116315173
116315172
116315172
116315172
116315172
116315172
116315175
116315176
116315175
116315175
116315209
116315194
116315215
116315192
11631518
11631518
11631518
11631517
116315131
116315119
116315119
116315115
116315097
116315049
116315023
116314991
116314943
116314904
116314885
11631489
116314843
116314763
116314753
116314763
116314763
116314764
116314764
116314764
116314764
116314769
116314872
116314911
116314912
116314911
116314911
116314911
116314913
116314926
116314926
116314925
116314926
116314941
116314942
116314943
116314943
116314945
116314984
116315009
116315004
116315004
116315002
116315
116315
116315
116314988
116314959
116314951
116314963
116315002
116315013
11631506
116315105
116315132
116315148
116315165
116315172
116315173
116315162
116315163
116315171
116315171
116315171
116315171
116315171
116315171
116315197
116315209
116315208
116315207
116315206
116315205
116315206
116315205
116315203
116315203
116315201
116315201
1163152
11631519
116315158
116315157
11631514
11631514
116315132
116315123
116315086
116315086
116315084
116315075
116315044
116315043
116315043
116315043
116315067
116314756
116314736
116314765
116314791
116314791
116314795
116314832
116314854
116314925
116314981
116314982
116314981
116314981
11631498
116314984
116315001
116315003
116315003
116315004
116315026
116315103
116315161
116315224
116315236
116315248
116315254
116315228
116315227
116315225
116315224
116315224
116315222
116315219
116315175
116315175
116315172
116315156
116315134
116315052
116314967
116314912
116314888
116314915
116314996
116315045
116315106
116315128
116315114
116315105
116315092
116315122
116315141
116315109
116315066
116314985
11631491
116314928
116314958
116314921
116315005
116315117
116315145
116315155
116315145
116315125
116315125
116315125
116315122
116315121
11631512
11631512
11631512
11631512
11631512
116315121
116315142
116315135
116315113
116315095
116315095
116315095
11631509
116315043
116314984
116314989
116315036
116315089
116315108
116315108
11631511
116315092
116315074
116315077
116315077
116315083
116315112
116315145
116315154
11631515
116315137
116315087
116315002
116314902
116314892
116314877
116314839
116314848
116314848
116314855
116314877
116314876
116314876
116314873
116314856
116314816
116314804
116314821
116314826
116314826
116314825
116314896
116314932
116314988
116315034
11631506
11631506
116315076
116315075
116315072
116315072
116315073
116315082
116315083
116315083
116315081
116315059
11631507
116315078
116315078
116315078
116315079
116315084
116315094
116315093
116315093
116315093
116315092
11631508
116315081
116315081
116315083
116315083
116315083
11631509
116315101
116315101
116315099
116315061
116315061
116315053
116315049
116315035
116315034
116315034
116315034
116315034
116315033
116315032
116315032
116315031
116315026
116315044
116315008
116314994
116314995
116314995
116314991
116314972
116314971
116314971
116314971
116314971
116314972
116314995
116314982
116314968
116314987
116315012
116315024
116315025
116315026
116315026
116315028
116315018
116314997
116314991
116314991
116314992
116315015
116315071
116315123
116315127
116315157
116315191
116315191
11631519
116315191
116315182
116315159
116315142
116315143
116315122
116315087
116315076
116315039
116315039
116315012
116314998
116315044
116315082
116315098
116315122
116315159
116315161
116315161
116315162
116315164
116315166
116315164
116315164
116315163
116315109
116315073
116315051
116315051
116315051
11631505
116315008
116314998
116315042
116315053
116315075
116315091
116315091
116315091
11631509
116315101
11631513
116315163
116315261
116315249
116315198
116315164
116315164
116315172
116315194
116315194
116315201
116315244
116315245
116315245
116315245
116315246
116315246
116315246
116315247
116315248
116315249
116315252
116315254
116315254
116315255
116315235
116315226
116315226
116315225
116315225
116315225
116315225
116315224
116315221
116315221
11631522
116315228
116315209
11631518
116315144
116315113
116315089
116315132
11631518
1163152
116315234
116315248
116315246
116315246
116315247
116315236
116315212
116315176
116315143
116315143
116315137
116315124
116315088
116315052
116315032
116315024
116315037
116315038
116315039
11631504
11631504
11631504
116315079
116315107
116315139
116315174
116315188
116315221
116315238
116315238
116315244
116315229
116315202
116315149
116315127
116315136
116315139
116315127
116315153
116315139
116315116
116315077
116315054
116315054
116315054
11631507
116315089
116315123
116315124
116315124
116315125
116315135
116315158
116315143
116315143
116315138
116315145
116315196
116315136
116315068
116314996
116314961
116314998
116315072
116315087
116315082
116315106
116315121
116315158
116315161
116315158
116315151
116315118
116315084
1163151
116315106
116315105
116315104
116315104
116315104
116315105
116315115
116315121
116315138
116315171
116315155
116315145
116315106
116315085
116315084
116315096
116315082
116315079
116315077
116315091
116315106
116315131
116315126
116315126
116315121
116315106
116315119
116315161
116315191
116315221
116315221
11631522
11631523
116315233
116315234
116315234
116315234
116315233
116315233
116315233
116315233
116315232
116315232
116315233
116315234
116315234
116315234
116315258
116315272
116315293
116315293
116315292
116315291
116315291
116315292
116315293
116315291
11631529
116315291
116315291
116315291
116315291
11631529
11631529
116315289
116315289
116315289
116315288
116315293
116315302
116315302
116315301
116315301
116315301
116315293
116315249
116315208
116315161
116315104
116315098
116315106
116315113
116315113
116315114
116315115
116315116
116315118
116315118
11631512
116315121
116315122
116315122
116315123
116315124
116315126
116315127
116315127
116315127
116315127
116315128
116315129
116315131
116315131
116315132
116315162
116315169
116315169
11631517
116315177
116315176
116315177
116315178
116315179
116315179
116315179
116315179
11631518
11631518
11631518
11631518
116315177
116315181
116315181
11631518
11631518
11631518
116315181
116315181
116315182
116315184
116315184
116315184
116315167
11631517
116315177
116315177
11631488
1163148
116314767
116314784
116314829
116314928
116314962
116314964
116314966
116314966
116314967
116314969
116314969
116314971
116315045
116315047
116315047
116315048
116315051
116315053
116315053
116315053
116315053
116315053
116315054
116315054
116315054
116315055
116315057
116315057
116315057
116315058
116315092
116315092
116315092
11631509
116315087
116315085
116315086
116315088
11631509
116315091
116315091
11631509
116315103
116315112
116315112
116315112
116315112
116315112
116315082
116315046
116315046
116315047
116315049
116315048
116315047
116315045
116315046
116315046
116315047
116315047
11631505
116315069
116315134
116315178
116315178
116315185
116315197
116315197
116315203
116315188
116315173
116315161
116315194
116315213
116315216
116315217
116315217
116315217
116315205
116315193
116315194
116315194
116315196
116315196
116315192
116315157
116315157
116315153
116315114
116315103
116315103
116315103
116315095
116315081
116315082
116315082
116315085
116315107
116315114
116315114
116315113
116315096
116315097
116315092
116315058
116315033
116315012
116315022
116315025
116315025
116315026
116315064
116315127
116315154
116315148
116315146
116315154
116315153
116315153
116315152
116315145
116315129
116315127
116315128
116315127
116315126
116315125
116315125
11631509
11631511
116315112
116315094
116315085
116315109
116315133
116315175
116315181
116315146
116315115
116315089
11631509
116315116
116315145
116315141
116315129
116315162
116315161
116315172
116315168
116315154
116315154
116315154
116315153
116315154
116315154
116315154
116315154
116315166
116315201
116315228
116315244
116315255
116315254
116315255
116315254
116315254
116315254
116315252
116315216
116315179
116315193
116315203
116315201
116315215
116315215
116315215
116315216
116315216
116315222
116315219
116315218
116315217
116315217
116315217
116315206
116315194
116315194
116315194
116315195
116315201
116315189
116315178
11631518
116315193
116315197
116315207
116315223
116315221
116315211
116315207
116315207
116315211
116315183
116315183
116315183
116315183
116315184
116315184
116315183
116315192
116315199
116315199
1163152
116315196
116315173
116315121
116315121
11631512
116315111
116315137
116315149
116315165
116315179
116315213
11631524
116315232
116315232
116315232
116315232
11631521
116315192
116315168
116315167
116315184
116315196
116315194
116315185
116315166
116315166
116315167
116315167
116315167
116315167
116315167
116315166
116315157
116315148
116315146
116315147
116315147
11631515
116315167
116315167
116315168
116315168
116315169
11631517
116315172
116315174
116315174
116315175
116315194
116315191
116315187
116315187
116315187
116315188
116315187
116315187
116315191
116315201
116315201
1163152
116315199
116315199
11631512
116315076
116315012
116314965
116314961
116314986
116315059
116315097
116315111
116315146
116315154
11631515
116315149
116315149
116315149
116315149
116315185
116315186
116315188
11631519
116315193
116315196
116315196
116315196
116315196
116315196
116315198
116315185
116315183
116315186
116315185
116315183
116315184
116315187
116315188
116315188
116315188
116315188
11631519
116315191
116315191
116315194
116315212
116315234
116315278
116315298
116315293
116315293
116315292
11631529
11631529
116315287
116315228
116315191
116315171
116315167
116315174
116315179
11631518
11631518
116315182
1163152
116315211
116315206
116315205
116315204
116315204
116315202
116315215
116315211
116315215
116315206
116315242
11631521
116315213
116315213
116315213
116315213
116315212
11631521
116315209
116315209
116315208
116315209
116315209
116315209
116315209
116315205
116315216
116315241
116315241
116315241
116315248
116315268
116315283
116315283
116315283
116315307
116315329
116315315
116315315
116315313
116315274
116315222
116315201
116315201
116315201
116315201
116315211
116315211
116315211
116315211
116315191
116315182
116315175
116315175
116315175
116315153
116315147
116315147
116315147
116315144
116315156
116315157
116315157
116315182
116315191
116315199
116315199
1163152
116315198
116315176
116315169
116315169
116315168
116315153
116315152
116315151
116315151
116315151
116315154
116315184
116315193
116315192
116315192
116315189
116315088
1163151
116315109
116315108
116315109
11631511
116315111
116315111
116315111
11631511
11631511
116315111
116315138
116315138
116315146
116315188
116315183
116315184
11631518
116315178
116315182
116315182
116315181
116315158
116315135
116315134
116315132
116315132
116315131
116315132
116315135
116315135
11631513
116315096
116315081
116315081
116315081
11631508
116315081
116315081
116315082
116315108
116315167
116315231
116315252
116315235
116315207
116315218
116315244
116315266
116315266
116315268
116315267
116315282
116315288
116315288
116315287
116315297
116315301
1163153
116315299
116315299
1163153
1163153
116315301
116315295
116315287
116315257
116315257
116315257
116315257
116315257
116315255
116315255
116315255
116315254
116315256
116315261
116315261
11631526
116315261
11631526
116315259
11631526
11631526
11631526
116315283
116315305
116315315
116315315
116315314
116315313
116315266
116315265
116315263
116315264
116315262
116315261
116315258
116315257
116315257
116315257
116315256
116315241
116315228
116315205
1163152
1163152
116315198
116315198
116315198
116315196
116315194
116315192
116315429
116315465
116315465
116315464
116315479
11631547
116315469
116315465
116315466
116315466
116315466
116315459
116315463
11631545
116315441
11631544
11631544
11631544
116315447
116315461
116315462
116315463
116315463
116315464
116315464
116315464
116315476
116315516
116315516
116315517
116315473
116315462
116315462
116315463
116315463
116315468
116315467
116315444
116315411
116315376
116315314
116315314
116315313
11631532
11631531
116312839
116312772
116312707
116312648
116312588
116312552
116312549
116312549
116312556
116312568
116312551
116312556
116312562
116312568
116312574
116312594
116312594
116312597
116312582
116312557
116312521
116312515
11631251
116312506
116312511
116312518
116312518
116312521
116312527
116312526
116312526
116312521
116312519
116312513
116312515
116312515
116312515
116312507
116312498
116312499
116312501
116312503
1163125
116312497
116312496
116312496
116312496
116312562
116312603
116312604
116312604
116312601
116312603
116312624
116312624
11631262
116312609
116312601
